type bsdf_data
format angles=deg bsdf=value scale=1
10	0
0	0	0.050967
5	0	0.056993
5	10	0.056679
5	20	0.056044
5	30	0.055344
5	40	0.053804
5	50	0.052462
5	60	0.051993
5	70	0.051059
5	80	0.049861
5	90	0.048370
5	100	0.048038
5	110	0.047082
5	120	0.046603
5	130	0.046497
5	140	0.046782
5	220	0.046782
5	230	0.046497
5	240	0.046603
5	250	0.047082
5	260	0.048038
5	270	0.048370
5	280	0.049861
5	290	0.051059
5	300	0.051993
5	310	0.052462
5	320	0.053804
5	330	0.055344
5	340	0.056044
5	350	0.056679
10	0	0.058807
10	10	0.058941
10	20	0.058481
10	30	0.056513
10	40	0.054141
10	50	0.052850
10	60	0.050731
10	70	0.048836
10	80	0.047384
10	90	0.045266
10	100	0.043909
10	110	0.042199
10	120	0.041421
10	130	0.040785
10	140	0.041071
10	220	0.041071
10	230	0.040785
10	240	0.041421
10	250	0.042199
10	260	0.043909
10	270	0.045266
10	280	0.047384
10	290	0.048836
10	300	0.050731
10	310	0.052850
10	320	0.054141
10	330	0.056513
10	340	0.058481
10	350	0.058941
15	0	0.059478
15	10	0.059362
15	20	0.056482
15	30	0.054990
15	40	0.052166
15	50	0.050035
15	60	0.047927
15	70	0.044765
15	80	0.042353
15	90	0.040268
15	100	0.039173
15	110	0.037787
15	120	0.036042
15	130	0.035635
15	140	0.034634
15	220	0.034634
15	230	0.035635
15	240	0.036042
15	250	0.037787
15	260	0.039173
15	270	0.040268
15	280	0.042353
15	290	0.044765
15	300	0.047927
15	310	0.050035
15	320	0.052166
15	330	0.054990
15	340	0.056482
15	350	0.059362
20	0	0.056317
20	10	0.056294
20	20	0.053720
20	30	0.051196
20	40	0.048240
20	50	0.045178
20	60	0.043010
20	70	0.039781
20	80	0.037964
20	90	0.035554
20	100	0.033333
20	110	0.032047
20	120	0.031065
20	130	0.029834
20	140	0.029500
20	220	0.029500
20	230	0.029834
20	240	0.031065
20	250	0.032047
20	260	0.033333
20	270	0.035554
20	280	0.037964
20	290	0.039781
20	300	0.043010
20	310	0.045178
20	320	0.048240
20	330	0.051196
20	340	0.053720
20	350	0.056294
25	0	0.050733
25	10	0.050037
25	20	0.048072
25	30	0.045247
25	40	0.043244
25	50	0.040050
25	60	0.037752
25	70	0.035199
25	80	0.032598
25	90	0.030164
25	100	0.028888
25	110	0.027122
25	120	0.025896
25	130	0.024762
25	140	0.024640
25	150	0.023903
25	160	0.023639
25	170	0.023952
25	180	0.023940
25	190	0.023952
25	200	0.023639
25	210	0.023903
25	220	0.024640
25	230	0.024762
25	240	0.025896
25	250	0.027122
25	260	0.028888
25	270	0.030164
25	280	0.032598
25	290	0.035199
25	300	0.037752
25	310	0.040050
25	320	0.043244
25	330	0.045247
25	340	0.048072
25	350	0.050037
30	0	0.045175
30	10	0.043687
30	20	0.042557
30	30	0.040326
30	40	0.037179
30	50	0.034690
30	60	0.032504
30	70	0.029780
30	80	0.027134
30	90	0.025643
30	100	0.024031
30	110	0.022565
30	120	0.021431
30	130	0.020504
30	140	0.020037
30	150	0.019880
30	160	0.019572
30	170	0.019315
30	180	0.019036
30	190	0.019315
30	200	0.019572
30	210	0.019880
30	220	0.020037
30	230	0.020504
30	240	0.021431
30	250	0.022565
30	260	0.024031
30	270	0.025643
30	280	0.027134
30	290	0.029780
30	300	0.032504
30	310	0.034690
30	320	0.037179
30	330	0.040326
30	340	0.042557
30	350	0.043687
35	0	0.038550
35	10	0.037958
35	20	0.036560
35	30	0.034644
35	40	0.031739
35	50	0.029660
35	60	0.027022
35	70	0.025046
35	80	0.023198
35	90	0.021174
35	100	0.019343
35	110	0.018232
35	120	0.017327
35	130	0.016623
35	140	0.015967
35	150	0.015996
35	160	0.015270
35	170	0.015221
35	180	0.015564
35	190	0.015221
35	200	0.015270
35	210	0.015996
35	220	0.015967
35	230	0.016623
35	240	0.017327
35	250	0.018232
35	260	0.019343
35	270	0.021174
35	280	0.023198
35	290	0.025046
35	300	0.027022
35	310	0.029660
35	320	0.031739
35	330	0.034644
35	340	0.036560
35	350	0.037958
40	0	0.032984
40	10	0.032398
40	20	0.031123
40	30	0.029282
40	40	0.027223
40	50	0.024712
40	60	0.022462
40	70	0.020794
40	80	0.018946
40	90	0.017552
40	100	0.016238
40	110	0.015369
40	120	0.014355
40	130	0.013631
40	140	0.012931
40	150	0.012824
40	160	0.012392
40	170	0.012432
40	180	0.012206
40	190	0.012432
40	200	0.012392
40	210	0.012824
40	220	0.012931
40	230	0.013631
40	240	0.014355
40	250	0.015369
40	260	0.016238
40	270	0.017552
40	280	0.018946
40	290	0.020794
40	300	0.022462
40	310	0.024712
40	320	0.027223
40	330	0.029282
40	340	0.031123
40	350	0.032398
45	0	0.028074
45	10	0.027788
45	20	0.026615
45	30	0.024994
45	40	0.022985
45	50	0.020954
45	60	0.019005
45	70	0.017328
45	80	0.015873
45	90	0.014776
45	100	0.013439
45	110	0.012830
45	120	0.011950
45	130	0.011250
45	140	0.010810
45	150	0.010593
45	160	0.010118
45	170	0.010012
45	180	0.010271
45	190	0.010012
45	200	0.010118
45	210	0.010593
45	220	0.010810
45	230	0.011250
45	240	0.011950
45	250	0.012830
45	260	0.013439
45	270	0.014776
45	280	0.015873
45	290	0.017328
45	300	0.019005
45	310	0.020954
45	320	0.022985
45	330	0.024994
45	340	0.026615
45	350	0.027788
50	0	0.023577
50	10	0.023432
50	20	0.022570
50	30	0.021100
50	40	0.019387
50	50	0.017590
50	60	0.015854
50	70	0.014569
50	80	0.013569
50	90	0.012588
50	100	0.011594
50	110	0.010602
50	120	0.009830
50	130	0.009230
50	140	0.008870
50	150	0.008713
50	160	0.008576
50	170	0.008226
50	180	0.008421
50	190	0.008226
50	200	0.008576
50	210	0.008713
50	220	0.008870
50	230	0.009230
50	240	0.009830
50	250	0.010602
50	260	0.011594
50	270	0.012588
50	280	0.013569
50	290	0.014569
50	300	0.015854
50	310	0.017590
50	320	0.019387
50	330	0.021100
50	340	0.022570
50	350	0.023432
55	0	0.020365
55	10	0.020053
55	20	0.019073
55	30	0.018106
55	40	0.016721
55	50	0.015220
55	60	0.013793
55	70	0.012618
55	80	0.011650
55	90	0.010945
55	100	0.010046
55	110	0.009267
55	120	0.008566
55	130	0.008030
55	140	0.007424
55	150	0.007318
55	160	0.007221
55	170	0.006880
55	180	0.007054
55	190	0.006880
55	200	0.007221
55	210	0.007318
55	220	0.007424
55	230	0.008030
55	240	0.008566
55	250	0.009267
55	260	0.010046
55	270	0.010945
55	280	0.011650
55	290	0.012618
55	300	0.013793
55	310	0.015220
55	320	0.016721
55	330	0.018106
55	340	0.019073
55	350	0.020053
60	0	0.017687
60	10	0.017262
60	20	0.016348
60	30	0.015481
60	40	0.014211
60	50	0.013280
60	60	0.011890
60	70	0.011066
60	80	0.010395
60	90	0.009318
60	100	0.008486
60	110	0.008056
60	120	0.007557
60	130	0.006676
60	140	0.006577
60	150	0.006490
60	160	0.006033
60	170	0.005870
60	180	0.005770
60	190	0.005870
60	200	0.006033
60	210	0.006490
60	220	0.006577
60	230	0.006676
60	240	0.007557
60	250	0.008056
60	260	0.008486
60	270	0.009318
60	280	0.010395
60	290	0.011066
60	300	0.011890
60	310	0.013280
60	320	0.014211
60	330	0.015481
60	340	0.016348
60	350	0.017262
65	0	0.015547
65	10	0.015052
65	20	0.014169
65	30	0.013859
65	40	0.013107
65	50	0.011649
65	60	0.010697
65	70	0.009483
65	80	0.008895
65	90	0.008428
65	100	0.007902
65	110	0.007118
65	120	0.006490
65	130	0.005980
65	140	0.005656
65	150	0.005466
65	160	0.005149
65	170	0.005127
65	180	0.004836
65	190	0.005127
65	200	0.005149
65	210	0.005466
65	220	0.005656
65	230	0.005980
65	240	0.006490
65	250	0.007118
65	260	0.007902
65	270	0.008428
65	280	0.008895
65	290	0.009483
65	300	0.010697
65	310	0.011649
65	320	0.013107
65	330	0.013859
65	340	0.014169
65	350	0.015052
70	0	0.014071
70	10	0.013579
70	20	0.012995
70	30	0.012800
70	40	0.011373
70	50	0.010268
70	60	0.009211
70	70	0.008793
70	80	0.008137
70	90	0.007763
70	100	0.006664
70	110	0.006277
70	120	0.006014
70	130	0.005480
70	140	0.004972
70	150	0.004606
70	160	0.004547
70	170	0.004505
70	180	0.004892
70	190	0.004505
70	200	0.004547
70	210	0.004606
70	220	0.004972
70	230	0.005480
70	240	0.006014
70	250	0.006277
70	260	0.006664
70	270	0.007763
70	280	0.008137
70	290	0.008793
70	300	0.009211
70	310	0.010268
70	320	0.011373
70	330	0.012800
70	340	0.012995
70	350	0.013579
75	0	0.012891
75	10	0.011673
75	20	0.011147
75	30	0.010640
75	40	0.009788
75	50	0.009130
75	60	0.007992
75	70	0.007221
75	80	0.007273
75	90	0.006684
75	100	0.006198
75	110	0.005547
75	120	0.005366
75	130	0.004513
75	140	0.004259
75	150	0.003925
75	160	0.003666
75	170	0.003656
75	180	0.004216
75	190	0.003656
75	200	0.003666
75	210	0.003925
75	220	0.004259
75	230	0.004513
75	240	0.005366
75	250	0.005547
75	260	0.006198
75	270	0.006684
75	280	0.007273
75	290	0.007221
75	300	0.007992
75	310	0.009130
75	320	0.009788
75	330	0.010640
75	340	0.011147
75	350	0.011673
80	0	0.011603
80	10	0.010885
80	20	0.009889
80	30	0.009343
80	40	0.009347
80	50	0.007690
80	60	0.006753
80	70	0.006771
80	80	0.006471
80	90	0.006017
80	100	0.005793
80	110	0.005229
80	120	0.004900
80	130	0.004424
80	140	0.004103
80	150	0.003292
80	160	0.003439
80	170	0.003406
80	180	0.004151
80	190	0.003406
80	200	0.003439
80	210	0.003292
80	220	0.004103
80	230	0.004424
80	240	0.004900
80	250	0.005229
80	260	0.005793
80	270	0.006017
80	280	0.006471
80	290	0.006771
80	300	0.006753
80	310	0.007690
80	320	0.009347
80	330	0.009343
80	340	0.009889
80	350	0.010885
30	0
0	0	0.028739
5	0	0.036984
5	10	0.036872
5	20	0.036388
5	30	0.035072
5	40	0.033749
5	50	0.032512
5	60	0.032146
5	70	0.031088
5	80	0.029825
5	90	0.028468
5	100	0.027531
5	110	0.026128
5	120	0.025367
5	130	0.025046
5	140	0.024679
5	150	0.024326
5	160	0.024333
5	170	0.024298
5	180	0.024344
5	190	0.024298
5	200	0.024333
5	210	0.024326
5	220	0.024679
5	230	0.025046
5	240	0.025367
5	250	0.026128
5	260	0.027531
5	270	0.028468
5	280	0.029825
5	290	0.031088
5	300	0.032146
5	310	0.032512
5	320	0.033749
5	330	0.035072
5	340	0.036388
5	350	0.036872
10	0	0.045675
10	10	0.044831
10	20	0.043442
10	30	0.041406
10	40	0.038478
10	50	0.036035
10	60	0.033100
10	70	0.030615
10	80	0.028002
10	90	0.026074
10	100	0.024616
10	110	0.022972
10	120	0.021744
10	130	0.020990
10	140	0.020243
10	150	0.019616
10	160	0.019467
10	170	0.019299
10	180	0.019086
10	190	0.019299
10	200	0.019467
10	210	0.019616
10	220	0.020243
10	230	0.020990
10	240	0.021744
10	250	0.022972
10	260	0.024616
10	270	0.026074
10	280	0.028002
10	290	0.030615
10	300	0.033100
10	310	0.036035
10	320	0.038478
10	330	0.041406
10	340	0.043442
10	350	0.044831
15	0	0.053107
15	10	0.054341
15	20	0.049681
15	30	0.046371
15	40	0.042229
15	50	0.038062
15	60	0.033511
15	70	0.030138
15	80	0.026581
15	90	0.024147
15	100	0.021798
15	110	0.019915
15	120	0.018492
15	130	0.017429
15	140	0.016545
15	150	0.015911
15	160	0.016562
15	170	0.015464
15	180	0.016276
15	190	0.015464
15	200	0.016562
15	210	0.015911
15	220	0.016545
15	230	0.017429
15	240	0.018492
15	250	0.019915
15	260	0.021798
15	270	0.024147
15	280	0.026581
15	290	0.030138
15	300	0.033511
15	310	0.038062
15	320	0.042229
15	330	0.046371
15	340	0.049681
15	350	0.054341
20	0	0.063427
20	10	0.060751
20	20	0.056796
20	30	0.050298
20	40	0.044530
20	50	0.037945
20	60	0.033090
20	70	0.028143
20	80	0.024007
20	90	0.020981
20	100	0.018419
20	110	0.016613
20	120	0.015240
20	130	0.013912
20	140	0.013050
20	220	0.013050
20	230	0.013912
20	240	0.015240
20	250	0.016613
20	260	0.018419
20	270	0.020981
20	280	0.024007
20	290	0.028143
20	300	0.033090
20	310	0.037945
20	320	0.044530
20	330	0.050298
20	340	0.056796
20	350	0.060751
25	0	0.068197
25	10	0.066620
25	20	0.060695
25	30	0.053015
25	40	0.045214
25	50	0.037503
25	60	0.031320
25	70	0.026122
25	80	0.021419
25	90	0.018079
25	100	0.016009
25	110	0.014165
25	120	0.012513
25	130	0.011669
25	140	0.010669
25	220	0.010669
25	230	0.011669
25	240	0.012513
25	250	0.014165
25	260	0.016009
25	270	0.018079
25	280	0.021419
25	290	0.026122
25	300	0.031320
25	310	0.037503
25	320	0.045214
25	330	0.053015
25	340	0.060695
25	350	0.066620
30	0	0.073605
30	10	0.070092
30	20	0.062642
30	30	0.052766
30	40	0.043628
30	50	0.035173
30	60	0.028097
30	70	0.022863
30	80	0.018960
30	90	0.015525
30	100	0.013247
30	110	0.011786
30	120	0.010362
30	130	0.009377
30	140	0.008672
30	220	0.008672
30	230	0.009377
30	240	0.010362
30	250	0.011786
30	260	0.013247
30	270	0.015525
30	280	0.018960
30	290	0.022863
30	300	0.028097
30	310	0.035173
30	320	0.043628
30	330	0.052766
30	340	0.062642
30	350	0.070092
35	0	0.075365
35	10	0.072349
35	20	0.062151
35	30	0.051395
35	40	0.040741
35	50	0.031565
35	60	0.025143
35	70	0.019827
35	80	0.015882
35	90	0.013161
35	100	0.011086
35	110	0.009615
35	120	0.008268
35	130	0.007403
35	140	0.006951
35	220	0.006951
35	230	0.007403
35	240	0.008268
35	250	0.009615
35	260	0.011086
35	270	0.013161
35	280	0.015882
35	290	0.019827
35	300	0.025143
35	310	0.031565
35	320	0.040741
35	330	0.051395
35	340	0.062151
35	350	0.072349
40	0	0.074722
40	10	0.069179
40	20	0.059330
40	30	0.047814
40	40	0.037181
40	50	0.028454
40	60	0.021797
40	70	0.016859
40	80	0.013626
40	90	0.010971
40	100	0.009205
40	110	0.007715
40	120	0.006861
40	130	0.006219
40	140	0.005699
40	220	0.005699
40	230	0.006219
40	240	0.006861
40	250	0.007715
40	260	0.009205
40	270	0.010971
40	280	0.013626
40	290	0.016859
40	300	0.021797
40	310	0.028454
40	320	0.037181
40	330	0.047814
40	340	0.059330
40	350	0.069179
45	0	0.071665
45	10	0.065976
45	20	0.055570
45	30	0.044724
45	40	0.033540
45	50	0.025118
45	60	0.018953
45	70	0.014677
45	80	0.011234
45	90	0.009215
45	100	0.007534
45	110	0.006646
45	120	0.005752
45	130	0.005194
45	140	0.004796
45	150	0.004281
45	160	0.004208
45	170	0.003973
45	180	0.004000
45	190	0.003973
45	200	0.004208
45	210	0.004281
45	220	0.004796
45	230	0.005194
45	240	0.005752
45	250	0.006646
45	260	0.007534
45	270	0.009215
45	280	0.011234
45	290	0.014677
45	300	0.018953
45	310	0.025118
45	320	0.033540
45	330	0.044724
45	340	0.055570
45	350	0.065976
50	0	0.066869
50	10	0.060744
50	20	0.051138
50	30	0.039547
50	40	0.029458
50	50	0.022127
50	60	0.016285
50	70	0.012882
50	80	0.009959
50	90	0.008003
50	100	0.006776
50	110	0.005527
50	120	0.004872
50	130	0.004259
50	140	0.003957
50	150	0.003670
50	160	0.003590
50	170	0.003441
50	180	0.003293
50	190	0.003441
50	200	0.003590
50	210	0.003670
50	220	0.003957
50	230	0.004259
50	240	0.004872
50	250	0.005527
50	260	0.006776
50	270	0.008003
50	280	0.009959
50	290	0.012882
50	300	0.016285
50	310	0.022127
50	320	0.029458
50	330	0.039547
50	340	0.051138
50	350	0.060744
55	0	0.061824
55	10	0.056919
55	20	0.047950
55	30	0.035280
55	40	0.025785
55	50	0.018920
55	60	0.014277
55	70	0.010905
55	80	0.008485
55	90	0.006838
55	100	0.005646
55	110	0.004621
55	120	0.004211
55	130	0.003699
55	140	0.003272
55	150	0.003272
55	160	0.003077
55	170	0.002894
55	180	0.002718
55	190	0.002894
55	200	0.003077
55	210	0.003272
55	220	0.003272
55	230	0.003699
55	240	0.004211
55	250	0.004621
55	260	0.005646
55	270	0.006838
55	280	0.008485
55	290	0.010905
55	300	0.014277
55	310	0.018920
55	320	0.025785
55	330	0.035280
55	340	0.047950
55	350	0.056919
60	0	0.058122
60	10	0.052405
60	20	0.042802
60	30	0.032316
60	40	0.022987
60	50	0.017009
60	60	0.012624
60	70	0.009515
60	80	0.007657
60	90	0.006166
60	100	0.004951
60	110	0.004279
60	120	0.003561
60	130	0.003311
60	140	0.003011
60	150	0.002742
60	160	0.002643
60	170	0.002543
60	180	0.002436
60	190	0.002543
60	200	0.002643
60	210	0.002742
60	220	0.003011
60	230	0.003311
60	240	0.003561
60	250	0.004279
60	260	0.004951
60	270	0.006166
60	280	0.007657
60	290	0.009515
60	300	0.012624
60	310	0.017009
60	320	0.022987
60	330	0.032316
60	340	0.042802
60	350	0.052405
65	0	0.054662
65	10	0.050463
65	20	0.040391
65	30	0.029983
65	40	0.021098
65	50	0.014928
65	60	0.011100
65	70	0.008746
65	80	0.006560
65	90	0.005380
65	100	0.004522
65	110	0.003845
65	120	0.003342
65	130	0.002883
65	140	0.002676
65	150	0.002496
65	160	0.002302
65	170	0.002298
65	180	0.002272
65	190	0.002298
65	200	0.002302
65	210	0.002496
65	220	0.002676
65	230	0.002883
65	240	0.003342
65	250	0.003845
65	260	0.004522
65	270	0.005380
65	280	0.006560
65	290	0.008746
65	300	0.011100
65	310	0.014928
65	320	0.021098
65	330	0.029983
65	340	0.040391
65	350	0.050463
70	0	0.052550
70	10	0.048251
70	20	0.038367
70	30	0.027374
70	40	0.019713
70	50	0.013656
70	60	0.010107
70	70	0.007585
70	80	0.005666
70	90	0.004688
70	100	0.004278
70	110	0.003523
70	120	0.003211
70	130	0.002581
70	140	0.002251
70	150	0.002310
70	160	0.002048
70	170	0.002043
70	180	0.002430
70	190	0.002043
70	200	0.002048
70	210	0.002310
70	220	0.002251
70	230	0.002581
70	240	0.003211
70	250	0.003523
70	260	0.004278
70	270	0.004688
70	280	0.005666
70	290	0.007585
70	300	0.010107
70	310	0.013656
70	320	0.019713
70	330	0.027374
70	340	0.038367
70	350	0.048251
75	0	0.051822
75	10	0.046347
75	20	0.036178
75	30	0.025640
75	40	0.017271
75	50	0.011909
75	60	0.009015
75	70	0.006820
75	80	0.005245
75	90	0.004296
75	100	0.003329
75	110	0.003024
75	120	0.002301
75	130	0.002628
75	140	0.002264
75	150	0.001708
75	160	0.002055
75	170	0.002156
75	180	0.002740
75	190	0.002156
75	200	0.002055
75	210	0.001708
75	220	0.002264
75	230	0.002628
75	240	0.002301
75	250	0.003024
75	260	0.003329
75	270	0.004296
75	280	0.005245
75	290	0.006820
75	300	0.009015
75	310	0.011909
75	320	0.017271
75	330	0.025640
75	340	0.036178
75	350	0.046347
80	0	0.052505
80	10	0.045683
80	20	0.033842
80	30	0.023644
80	40	0.015022
80	50	0.010233
80	60	0.007768
80	70	0.006063
80	80	0.004807
80	90	0.004347
80	100	0.003652
80	110	0.002843
80	120	0.002228
80	130	0.002529
80	140	0.002443
80	150	0.002056
80	160	0.002049
80	170	0.002117
80	180	0.002707
80	190	0.002117
80	200	0.002049
80	210	0.002056
80	220	0.002443
80	230	0.002529
80	240	0.002228
80	250	0.002843
80	260	0.003652
80	270	0.004347
80	280	0.004807
80	290	0.006063
80	300	0.007768
80	310	0.010233
80	320	0.015022
80	330	0.023644
80	340	0.033842
80	350	0.045683
50	0
0	0	0.013431
5	0	0.018556
5	10	0.018377
5	20	0.017849
5	30	0.017050
5	40	0.016381
5	50	0.015702
5	60	0.015679
5	70	0.014843
5	80	0.014046
5	90	0.013325
5	100	0.012899
5	110	0.011838
5	120	0.011492
5	130	0.011160
5	140	0.010941
5	150	0.010836
5	160	0.010729
5	170	0.010659
5	180	0.010763
5	190	0.010659
5	200	0.010729
5	210	0.010836
5	220	0.010941
5	230	0.011160
5	240	0.011492
5	250	0.011838
5	260	0.012899
5	270	0.013325
5	280	0.014046
5	290	0.014843
5	300	0.015679
5	310	0.015702
5	320	0.016381
5	330	0.017050
5	340	0.017849
5	350	0.018377
10	0	0.024162
10	10	0.023848
10	20	0.022831
10	30	0.021569
10	40	0.020015
10	50	0.017972
10	60	0.016172
10	70	0.014707
10	80	0.013202
10	90	0.011990
10	100	0.010969
10	110	0.010463
10	120	0.009680
10	130	0.009171
10	140	0.008751
10	150	0.008377
10	160	0.008284
10	170	0.008131
10	180	0.008204
10	190	0.008131
10	200	0.008284
10	210	0.008377
10	220	0.008751
10	230	0.009171
10	240	0.009680
10	250	0.010463
10	260	0.010969
10	270	0.011990
10	280	0.013202
10	290	0.014707
10	300	0.016172
10	310	0.017972
10	320	0.020015
10	330	0.021569
10	340	0.022831
10	350	0.023848
15	0	0.031680
15	10	0.031549
15	20	0.028953
15	30	0.026385
15	40	0.023137
15	50	0.019901
15	60	0.017097
15	70	0.014839
15	80	0.012913
15	90	0.011251
15	100	0.009837
15	110	0.008740
15	120	0.008046
15	130	0.007478
15	140	0.006864
15	150	0.006624
15	160	0.007463
15	170	0.006552
15	180	0.007517
15	190	0.006552
15	200	0.007463
15	210	0.006624
15	220	0.006864
15	230	0.007478
15	240	0.008046
15	250	0.008740
15	260	0.009837
15	270	0.011251
15	280	0.012913
15	290	0.014839
15	300	0.017097
15	310	0.019901
15	320	0.023137
15	330	0.026385
15	340	0.028953
15	350	0.031549
20	0	0.041913
20	10	0.040679
20	20	0.036445
20	30	0.031375
20	40	0.026295
20	50	0.021458
20	60	0.017426
20	70	0.014180
20	80	0.011811
20	90	0.009926
20	100	0.008532
20	110	0.007389
20	120	0.006681
20	130	0.006144
20	140	0.005710
20	150	0.005432
20	160	0.005548
20	170	0.006294
20	180	0.006121
20	190	0.006294
20	200	0.005548
20	210	0.005432
20	220	0.005710
20	230	0.006144
20	240	0.006681
20	250	0.007389
20	260	0.008532
20	270	0.009926
20	280	0.011811
20	290	0.014180
20	300	0.017426
20	310	0.021458
20	320	0.026295
20	330	0.031375
20	340	0.036445
20	350	0.040679
25	0	0.052234
25	10	0.050484
25	20	0.044477
25	30	0.036361
25	40	0.028579
25	50	0.022503
25	60	0.017172
25	70	0.013546
25	80	0.010928
25	90	0.008800
25	100	0.007561
25	110	0.006576
25	120	0.005932
25	130	0.005288
25	140	0.004959
25	150	0.004570
25	160	0.004249
25	170	0.004454
25	180	0.004442
25	190	0.004454
25	200	0.004249
25	210	0.004570
25	220	0.004959
25	230	0.005288
25	240	0.005932
25	250	0.006576
25	260	0.007561
25	270	0.008800
25	280	0.010928
25	290	0.013546
25	300	0.017172
25	310	0.022503
25	320	0.028579
25	330	0.036361
25	340	0.044477
25	350	0.050484
30	0	0.067418
30	10	0.062967
30	20	0.052795
30	30	0.040564
30	40	0.030254
30	50	0.021963
30	60	0.016169
30	70	0.012472
30	80	0.009592
30	90	0.007456
30	100	0.006426
30	110	0.005580
30	120	0.004809
30	130	0.004440
30	140	0.004172
30	150	0.003957
30	160	0.003712
30	170	0.003590
30	180	0.003574
30	190	0.003590
30	200	0.003712
30	210	0.003957
30	220	0.004172
30	230	0.004440
30	240	0.004809
30	250	0.005580
30	260	0.006426
30	270	0.007456
30	280	0.009592
30	290	0.012472
30	300	0.016169
30	310	0.021963
30	320	0.030254
30	330	0.040564
30	340	0.052795
30	350	0.062967
35	0	0.083498
35	10	0.075399
35	20	0.060173
35	30	0.043928
35	40	0.030855
35	50	0.021234
35	60	0.015019
35	70	0.010940
35	80	0.008111
35	90	0.006257
35	100	0.005136
35	110	0.004284
35	120	0.003808
35	130	0.003382
35	140	0.003217
35	150	0.003131
35	160	0.002861
35	170	0.002677
35	180	0.002407
35	190	0.002677
35	200	0.002861
35	210	0.003131
35	220	0.003217
35	230	0.003382
35	240	0.003808
35	250	0.004284
35	260	0.005136
35	270	0.006257
35	280	0.008111
35	290	0.010940
35	300	0.015019
35	310	0.021234
35	320	0.030855
35	330	0.043928
35	340	0.060173
35	350	0.075399
40	0	0.102726
40	10	0.091659
40	20	0.068167
40	30	0.046681
40	40	0.030133
40	50	0.019695
40	60	0.013431
40	70	0.009498
40	80	0.007099
40	90	0.005597
40	100	0.004430
40	110	0.003631
40	120	0.003366
40	130	0.002829
40	140	0.002581
40	220	0.002581
40	230	0.002829
40	240	0.003366
40	250	0.003631
40	260	0.004430
40	270	0.005597
40	280	0.007099
40	290	0.009498
40	300	0.013431
40	310	0.019695
40	320	0.030133
40	330	0.046681
40	340	0.068167
40	350	0.091659
45	0	0.123106
45	10	0.106702
45	20	0.074851
45	30	0.047540
45	40	0.028525
45	50	0.017898
45	60	0.011827
45	70	0.008198
45	80	0.005951
45	90	0.004652
45	100	0.003902
45	110	0.003234
45	120	0.002898
45	130	0.002519
45	140	0.002370
45	220	0.002370
45	230	0.002519
45	240	0.002898
45	250	0.003234
45	260	0.003902
45	270	0.004652
45	280	0.005951
45	290	0.008198
45	300	0.011827
45	310	0.017898
45	320	0.028525
45	330	0.047540
45	340	0.074851
45	350	0.106702
50	0	0.144908
50	10	0.120740
50	20	0.078899
50	30	0.046670
50	40	0.026807
50	50	0.016209
50	60	0.010543
50	70	0.007317
50	80	0.005139
50	90	0.004060
50	100	0.003431
50	110	0.002903
50	120	0.002397
50	130	0.002288
50	140	0.002198
50	220	0.002198
50	230	0.002288
50	240	0.002397
50	250	0.002903
50	260	0.003431
50	270	0.004060
50	280	0.005139
50	290	0.007317
50	300	0.010543
50	310	0.016209
50	320	0.026807
50	330	0.046670
50	340	0.078899
50	350	0.120740
55	0	0.165419
55	10	0.132753
55	20	0.081661
55	30	0.045263
55	40	0.024228
55	50	0.014676
55	60	0.009346
55	70	0.006219
55	80	0.004761
55	90	0.003827
55	100	0.003006
55	110	0.002510
55	120	0.002176
55	130	0.002010
55	140	0.001892
55	220	0.001892
55	230	0.002010
55	240	0.002176
55	250	0.002510
55	260	0.003006
55	270	0.003827
55	280	0.004761
55	290	0.006219
55	300	0.009346
55	310	0.014676
55	320	0.024228
55	330	0.045263
55	340	0.081661
55	350	0.132753
60	0	0.186801
60	10	0.143790
60	20	0.083855
60	30	0.043125
60	40	0.022494
60	50	0.013007
60	60	0.008148
60	70	0.005443
60	80	0.004265
60	90	0.003334
60	100	0.002889
60	110	0.002309
60	120	0.002155
60	130	0.001812
60	140	0.001724
60	220	0.001724
60	230	0.001812
60	240	0.002155
60	250	0.002309
60	260	0.002889
60	270	0.003334
60	280	0.004265
60	290	0.005443
60	300	0.008148
60	310	0.013007
60	320	0.022494
60	330	0.043125
60	340	0.083855
60	350	0.143790
65	0	0.207702
65	10	0.156558
65	20	0.085379
65	30	0.041563
65	40	0.020734
65	50	0.011819
65	60	0.007066
65	70	0.004836
65	80	0.003666
65	90	0.002934
65	100	0.002694
65	110	0.002443
65	120	0.001889
65	130	0.001899
65	140	0.001797
65	150	0.001637
65	160	0.001546
65	170	0.001598
65	180	0.001608
65	190	0.001598
65	200	0.001546
65	210	0.001637
65	220	0.001797
65	230	0.001899
65	240	0.001889
65	250	0.002443
65	260	0.002694
65	270	0.002934
65	280	0.003666
65	290	0.004836
65	300	0.007066
65	310	0.011819
65	320	0.020734
65	330	0.041563
65	340	0.085379
65	350	0.156558
70	0	0.237344
70	10	0.171108
70	20	0.085737
70	30	0.039349
70	40	0.018925
70	50	0.010407
70	60	0.006509
70	70	0.004494
70	80	0.003562
70	90	0.002944
70	100	0.002173
70	110	0.001883
70	120	0.001689
70	130	0.001837
70	140	0.001646
70	150	0.001636
70	160	0.001439
70	170	0.001516
70	180	0.002309
70	190	0.001516
70	200	0.001439
70	210	0.001636
70	220	0.001646
70	230	0.001837
70	240	0.001689
70	250	0.001883
70	260	0.002173
70	270	0.002944
70	280	0.003562
70	290	0.004494
70	300	0.006509
70	310	0.010407
70	320	0.018925
70	330	0.039349
70	340	0.085737
70	350	0.171108
75	0	0.279492
75	10	0.187994
75	20	0.086725
75	30	0.035793
75	40	0.015892
75	50	0.008483
75	60	0.004899
75	70	0.003910
75	80	0.003248
75	90	0.002326
75	100	0.002077
75	110	0.001684
75	120	0.001762
75	130	0.001201
75	140	0.001250
75	150	0.001194
75	160	0.001574
75	170	0.001591
75	180	0.002355
75	190	0.001591
75	200	0.001574
75	210	0.001194
75	220	0.001250
75	230	0.001201
75	240	0.001762
75	250	0.001684
75	260	0.002077
75	270	0.002326
75	280	0.003248
75	290	0.003910
75	300	0.004899
75	310	0.008483
75	320	0.015892
75	330	0.035793
75	340	0.086725
75	350	0.187994
80	0	0.337148
80	10	0.206991
80	20	0.083878
80	30	0.031948
80	40	0.014238
80	50	0.007055
80	60	0.004874
80	70	0.003543
80	80	0.003019
80	90	0.002607
80	100	0.002278
80	110	0.002013
80	120	0.001610
80	130	0.001833
80	140	0.001363
80	150	0.001576
80	160	0.001384
80	170	0.001561
80	180	0.001834
80	190	0.001561
80	200	0.001384
80	210	0.001576
80	220	0.001363
80	230	0.001833
80	240	0.001610
80	250	0.002013
80	260	0.002278
80	270	0.002607
80	280	0.003019
80	290	0.003543
80	300	0.004874
80	310	0.007055
80	320	0.014238
80	330	0.031948
80	340	0.083878
80	350	0.206991
70	0
0	0	0.006896
5	0	0.009567
5	10	0.009521
5	20	0.009320
5	30	0.008995
5	40	0.008554
5	50	0.008160
5	60	0.008546
5	70	0.008149
5	80	0.007778
5	90	0.007259
5	100	0.006975
5	110	0.006097
5	120	0.005899
5	130	0.005809
5	140	0.005651
5	150	0.005478
5	160	0.005375
5	170	0.005382
5	180	0.005296
5	190	0.005382
5	200	0.005375
5	210	0.005478
5	220	0.005651
5	230	0.005809
5	240	0.005899
5	250	0.006097
5	260	0.006975
5	270	0.007259
5	280	0.007778
5	290	0.008149
5	300	0.008546
5	310	0.008160
5	320	0.008554
5	330	0.008995
5	340	0.009320
5	350	0.009521
10	0	0.012773
10	10	0.012659
10	20	0.012050
10	30	0.011294
10	40	0.010314
10	50	0.009340
10	60	0.008594
10	70	0.007736
10	80	0.006937
10	90	0.006277
10	100	0.005812
10	110	0.005324
10	120	0.005083
10	130	0.004814
10	140	0.004539
10	150	0.004403
10	160	0.004251
10	170	0.004188
10	180	0.004280
10	190	0.004188
10	200	0.004251
10	210	0.004403
10	220	0.004539
10	230	0.004814
10	240	0.005083
10	250	0.005324
10	260	0.005812
10	270	0.006277
10	280	0.006937
10	290	0.007736
10	300	0.008594
10	310	0.009340
10	320	0.010314
10	330	0.011294
10	340	0.012050
10	350	0.012659
15	0	0.018345
15	10	0.018463
15	20	0.016427
15	30	0.014696
15	40	0.012413
15	50	0.010727
15	60	0.009101
15	70	0.007564
15	80	0.006545
15	90	0.005907
15	100	0.005176
15	110	0.004576
15	120	0.004144
15	130	0.003807
15	140	0.003574
15	150	0.003368
15	160	0.004254
15	170	0.003430
15	180	0.004172
15	190	0.003430
15	200	0.004254
15	210	0.003368
15	220	0.003574
15	230	0.003807
15	240	0.004144
15	250	0.004576
15	260	0.005176
15	270	0.005907
15	280	0.006545
15	290	0.007564
15	300	0.009101
15	310	0.010727
15	320	0.012413
15	330	0.014696
15	340	0.016427
15	350	0.018463
20	0	0.026420
20	10	0.025492
20	20	0.022500
20	30	0.018303
20	40	0.014671
20	50	0.011510
20	60	0.009393
20	70	0.007579
20	80	0.006275
20	90	0.005209
20	100	0.004431
20	110	0.004072
20	120	0.003526
20	130	0.003224
20	140	0.003097
20	150	0.002959
20	160	0.003075
20	170	0.004043
20	180	0.003934
20	190	0.004043
20	200	0.003075
20	210	0.002959
20	220	0.003097
20	230	0.003224
20	240	0.003526
20	250	0.004072
20	260	0.004431
20	270	0.005209
20	280	0.006275
20	290	0.007579
20	300	0.009393
20	310	0.011510
20	320	0.014671
20	330	0.018303
20	340	0.022500
20	350	0.025492
25	0	0.036814
25	10	0.033741
25	20	0.028986
25	30	0.022243
25	40	0.016741
25	50	0.012622
25	60	0.009530
25	70	0.007435
25	80	0.005974
25	90	0.004565
25	100	0.004124
25	110	0.003635
25	120	0.003334
25	130	0.003059
25	140	0.002820
25	150	0.002483
25	160	0.002570
25	170	0.002578
25	180	0.002544
25	190	0.002578
25	200	0.002570
25	210	0.002483
25	220	0.002820
25	230	0.003059
25	240	0.003334
25	250	0.003635
25	260	0.004124
25	270	0.004565
25	280	0.005974
25	290	0.007435
25	300	0.009530
25	310	0.012622
25	320	0.016741
25	330	0.022243
25	340	0.028986
25	350	0.033741
30	0	0.051943
30	10	0.047300
30	20	0.037317
30	30	0.026428
30	40	0.018286
30	50	0.012671
30	60	0.009257
30	70	0.006828
30	80	0.005264
30	90	0.004186
30	100	0.003575
30	110	0.003090
30	120	0.002651
30	130	0.002580
30	140	0.002371
30	150	0.002420
30	160	0.002362
30	170	0.002203
30	180	0.002236
30	190	0.002203
30	200	0.002362
30	210	0.002420
30	220	0.002371
30	230	0.002580
30	240	0.002651
30	250	0.003090
30	260	0.003575
30	270	0.004186
30	280	0.005264
30	290	0.006828
30	300	0.009257
30	310	0.012671
30	320	0.018286
30	330	0.026428
30	340	0.037317
30	350	0.047300
35	0	0.075503
35	10	0.065813
35	20	0.047819
35	30	0.031250
35	40	0.019519
35	50	0.012336
35	60	0.008325
35	70	0.005913
35	80	0.004547
35	90	0.003531
35	100	0.002894
35	110	0.002446
35	120	0.002201
35	130	0.002045
35	140	0.001958
35	150	0.001725
35	160	0.001640
35	170	0.001607
35	180	0.001686
35	190	0.001607
35	200	0.001640
35	210	0.001725
35	220	0.001958
35	230	0.002045
35	240	0.002201
35	250	0.002446
35	260	0.002894
35	270	0.003531
35	280	0.004547
35	290	0.005913
35	300	0.008325
35	310	0.012336
35	320	0.019519
35	330	0.031250
35	340	0.047819
35	350	0.065813
40	0	0.109081
40	10	0.091355
40	20	0.060034
40	30	0.034784
40	40	0.019746
40	50	0.011834
40	60	0.007739
40	70	0.005405
40	80	0.004107
40	90	0.003044
40	100	0.002651
40	110	0.002251
40	120	0.001958
40	130	0.001717
40	140	0.001644
40	150	0.001590
40	160	0.001645
40	170	0.001729
40	180	0.001623
40	190	0.001729
40	200	0.001645
40	210	0.001590
40	220	0.001644
40	230	0.001717
40	240	0.001958
40	250	0.002251
40	260	0.002651
40	270	0.003044
40	280	0.004107
40	290	0.005405
40	300	0.007739
40	310	0.011834
40	320	0.019746
40	330	0.034784
40	340	0.060034
40	350	0.091355
45	0	0.158549
45	10	0.125617
45	20	0.073205
45	30	0.037725
45	40	0.019253
45	50	0.010475
45	60	0.006743
45	70	0.004887
45	80	0.003627
45	90	0.002830
45	100	0.002288
45	110	0.001933
45	120	0.001728
45	130	0.001675
45	140	0.001506
45	150	0.001606
45	160	0.001495
45	170	0.001461
45	180	0.001560
45	190	0.001461
45	200	0.001495
45	210	0.001606
45	220	0.001506
45	230	0.001675
45	240	0.001728
45	250	0.001933
45	260	0.002288
45	270	0.002830
45	280	0.003627
45	290	0.004887
45	300	0.006743
45	310	0.010475
45	320	0.019253
45	330	0.037725
45	340	0.073205
45	350	0.125617
50	0	0.237156
50	10	0.171624
50	20	0.085232
50	30	0.038767
50	40	0.017810
50	50	0.009461
50	60	0.005905
50	70	0.004188
50	80	0.003312
50	90	0.002542
50	100	0.002159
50	110	0.001891
50	120	0.001768
50	130	0.001530
50	140	0.001570
50	150	0.001348
50	160	0.001428
50	170	0.001458
50	180	0.001475
50	190	0.001458
50	200	0.001428
50	210	0.001348
50	220	0.001570
50	230	0.001530
50	240	0.001768
50	250	0.001891
50	260	0.002159
50	270	0.002542
50	280	0.003312
50	290	0.004188
50	300	0.005905
50	310	0.009461
50	320	0.017810
50	330	0.038767
50	340	0.085232
50	350	0.171624
55	0	0.350296
55	10	0.230556
55	20	0.096553
55	30	0.037872
55	40	0.016202
55	50	0.008344
55	60	0.005256
55	70	0.003669
55	80	0.003091
55	90	0.002312
55	100	0.002036
55	110	0.001850
55	120	0.001534
55	130	0.001391
55	140	0.001335
55	150	0.001472
55	160	0.001455
55	170	0.001451
55	180	0.001527
55	190	0.001451
55	200	0.001455
55	210	0.001472
55	220	0.001335
55	230	0.001391
55	240	0.001534
55	250	0.001850
55	260	0.002036
55	270	0.002312
55	280	0.003091
55	290	0.003669
55	300	0.005256
55	310	0.008344
55	320	0.016202
55	330	0.037872
55	340	0.096553
55	350	0.230556
60	0	0.531164
60	10	0.300944
60	20	0.104081
60	30	0.035638
60	40	0.014979
60	50	0.007384
60	60	0.004498
60	70	0.003417
60	80	0.002661
60	90	0.002361
60	100	0.001785
60	110	0.001605
60	120	0.001550
60	130	0.001553
60	140	0.001374
60	220	0.001374
60	230	0.001553
60	240	0.001550
60	250	0.001605
60	260	0.001785
60	270	0.002361
60	280	0.002661
60	290	0.003417
60	300	0.004498
60	310	0.007384
60	320	0.014979
60	330	0.035638
60	340	0.104081
60	350	0.300944
65	0	0.792425
65	10	0.378874
65	20	0.107575
65	30	0.032584
65	40	0.012548
65	50	0.006518
65	60	0.003990
65	70	0.003026
65	80	0.002541
65	90	0.002059
65	100	0.001926
65	110	0.001545
65	120	0.001616
65	130	0.001334
65	140	0.001487
65	220	0.001487
65	230	0.001334
65	240	0.001616
65	250	0.001545
65	260	0.001926
65	270	0.002059
65	280	0.002541
65	290	0.003026
65	300	0.003990
65	310	0.006518
65	320	0.012548
65	330	0.032584
65	340	0.107575
65	350	0.378874
70	0	1.185774
70	10	0.455135
70	20	0.103348
70	30	0.027689
70	40	0.010109
70	50	0.005398
70	60	0.004051
70	70	0.003078
70	80	0.002626
70	90	0.002019
70	100	0.001864
70	110	0.001739
70	120	0.001482
70	130	0.001672
70	140	0.001404
70	220	0.001404
70	230	0.001672
70	240	0.001482
70	250	0.001739
70	260	0.001864
70	270	0.002019
70	280	0.002626
70	290	0.003078
70	300	0.004051
70	310	0.005398
70	320	0.010109
70	330	0.027689
70	340	0.103348
70	350	0.455135
75	0	1.766127
75	10	0.525052
75	20	0.088677
75	30	0.022238
75	40	0.009187
75	50	0.004828
75	60	0.003029
75	70	0.002915
75	80	0.002332
75	90	0.002131
75	100	0.001581
75	110	0.001672
75	120	0.001558
75	130	0.001239
75	140	0.001552
75	220	0.001552
75	230	0.001239
75	240	0.001558
75	250	0.001672
75	260	0.001581
75	270	0.002131
75	280	0.002332
75	290	0.002915
75	300	0.003029
75	310	0.004828
75	320	0.009187
75	330	0.022238
75	340	0.088677
75	350	0.525052
80	0	2.651025
80	10	0.545694
80	20	0.071444
80	30	0.018703
80	40	0.007283
80	50	0.004703
80	60	0.003178
80	70	0.003214
80	80	0.002277
80	90	0.002575
80	100	0.002013
80	110	0.001743
80	120	0.001567
80	130	0.001584
80	140	0.001858
80	220	0.001858
80	230	0.001584
80	240	0.001567
80	250	0.001743
80	260	0.002013
80	270	0.002575
80	280	0.002277
80	290	0.003214
80	300	0.003178
80	310	0.004703
80	320	0.007283
80	330	0.018703
80	340	0.071444
80	350	0.545694
