type bsdf_data
format angles=deg bsdf=value scale=1
10	0
0	0	0.052967
5	0	0.059702
5	10	0.059123
5	20	0.058913
5	30	0.057574
5	40	0.056567
5	50	0.055225
5	60	0.054063
5	70	0.052544
5	80	0.051292
5	90	0.050494
5	100	0.049896
5	110	0.049366
5	120	0.049313
5	130	0.049101
5	140	0.049226
10	0	0.060094
10	10	0.060282
10	20	0.059660
10	30	0.058500
10	40	0.056828
10	50	0.054406
10	60	0.052664
10	70	0.051524
10	80	0.049587
10	90	0.047738
10	100	0.046758
10	110	0.045748
10	120	0.044648
10	130	0.043688
10	140	0.043327
15	0	0.058978
15	10	0.059466
15	20	0.058453
15	30	0.056631
15	40	0.054851
15	50	0.052995
15	60	0.050228
15	70	0.048219
15	80	0.045697
15	90	0.043228
15	100	0.041528
15	110	0.040362
15	120	0.039029
15	130	0.038161
15	140	0.037467
20	0	0.056762
20	10	0.056457
20	20	0.054956
20	30	0.053279
20	40	0.050830
20	50	0.048785
20	60	0.046221
20	70	0.043106
20	80	0.040893
20	90	0.038636
20	100	0.036641
20	110	0.034994
20	120	0.033611
20	130	0.032763
20	140	0.031634
25	0	0.052189
25	10	0.051904
25	20	0.050465
25	30	0.048811
25	40	0.046340
25	50	0.043731
25	60	0.041316
25	70	0.038617
25	80	0.035851
25	90	0.034009
25	100	0.031972
25	110	0.030071
25	120	0.028523
25	130	0.027313
25	140	0.026308
25	150	0.025605
25	160	0.025125
25	170	0.025157
25	180	0.024589
30	0	0.046945
30	10	0.046069
30	20	0.045368
30	30	0.043235
30	40	0.040865
30	50	0.038995
30	60	0.036032
30	70	0.033589
30	80	0.030889
30	90	0.028821
30	100	0.026799
30	110	0.025094
30	120	0.023973
30	130	0.022598
30	140	0.021647
30	150	0.020792
30	160	0.020827
30	170	0.020294
30	180	0.020290
35	0	0.040375
35	10	0.040302
35	20	0.039247
35	30	0.037680
35	40	0.035436
35	50	0.033390
35	60	0.030959
35	70	0.028730
35	80	0.026668
35	90	0.024378
35	100	0.022516
35	110	0.021022
35	120	0.019871
35	130	0.018527
35	140	0.017793
35	150	0.017206
35	160	0.016707
35	170	0.016302
35	180	0.016373
40	0	0.035074
40	10	0.034593
40	20	0.033955
40	30	0.032411
40	40	0.030712
40	50	0.028735
40	60	0.026824
40	70	0.024498
40	80	0.022512
40	90	0.020522
40	100	0.019049
40	110	0.017418
40	120	0.016106
40	130	0.015216
40	140	0.014516
40	150	0.013821
40	160	0.013665
40	170	0.013339
40	180	0.013251
45	0	0.029679
45	10	0.029708
45	20	0.028790
45	30	0.028024
45	40	0.026330
45	50	0.024494
45	60	0.023018
45	70	0.020710
45	80	0.018873
45	90	0.017145
45	100	0.015689
45	110	0.014457
45	120	0.013450
45	130	0.012592
45	140	0.011882
45	150	0.011462
45	160	0.010972
45	170	0.010807
45	180	0.010803
50	0	0.025442
50	10	0.025247
50	20	0.024649
50	30	0.023691
50	40	0.022340
50	50	0.020865
50	60	0.019320
50	70	0.017547
50	80	0.016060
50	90	0.014476
50	100	0.013194
50	110	0.011913
50	120	0.011026
50	130	0.010277
50	140	0.009686
50	150	0.009347
50	160	0.009037
50	170	0.008934
50	180	0.008915
55	0	0.021612
55	10	0.021310
55	20	0.020968
55	30	0.020241
55	40	0.019032
55	50	0.017522
55	60	0.016326
55	70	0.014800
55	80	0.013378
55	90	0.012128
55	100	0.010970
55	110	0.010108
55	120	0.009203
55	130	0.008634
55	140	0.007922
55	150	0.007640
55	160	0.007487
55	170	0.007189
55	180	0.007192
60	0	0.018460
60	10	0.018333
60	20	0.017758
60	30	0.017241
60	40	0.016151
60	50	0.015031
60	60	0.013742
60	70	0.012544
60	80	0.011454
60	90	0.010241
60	100	0.009052
60	110	0.008376
60	120	0.007795
60	130	0.007063
60	140	0.006840
60	150	0.006460
60	160	0.006026
60	170	0.005925
60	180	0.005867
65	0	0.015558
65	10	0.015477
65	20	0.014945
65	30	0.014613
65	40	0.013843
65	50	0.012746
65	60	0.011816
65	70	0.010613
65	80	0.009584
65	90	0.008873
65	100	0.007998
65	110	0.007040
65	120	0.006341
65	130	0.005931
65	140	0.005485
65	150	0.005459
65	160	0.005109
65	170	0.004990
65	180	0.004477
70	0	0.013216
70	10	0.013086
70	20	0.013063
70	30	0.012897
70	40	0.012013
70	50	0.010868
70	60	0.010133
70	70	0.009317
70	80	0.008495
70	90	0.007688
70	100	0.006728
70	110	0.006263
70	120	0.005616
70	130	0.005343
70	140	0.004991
70	150	0.004495
70	160	0.004424
70	170	0.004323
70	180	0.004087
75	0	0.011113
75	10	0.010543
75	20	0.010750
75	30	0.010225
75	40	0.009600
75	50	0.009475
75	60	0.008530
75	70	0.007411
75	80	0.007108
75	90	0.006118
75	100	0.005820
75	110	0.005124
75	120	0.004869
75	130	0.004191
75	140	0.004117
75	150	0.004027
75	160	0.003601
75	170	0.003430
75	180	0.003230
80	0	0.009558
80	10	0.008911
80	20	0.008791
80	30	0.008482
80	40	0.008590
80	50	0.007174
80	60	0.006794
80	70	0.006587
80	80	0.005969
80	90	0.005154
80	100	0.005035
80	110	0.004485
80	120	0.003886
80	130	0.003901
80	140	0.003904
80	150	0.003448
80	160	0.003744
80	170	0.003518
80	180	0.003702
30	0
0	0	0.031031
5	0	0.039321
5	10	0.038890
5	20	0.038193
5	30	0.037250
5	40	0.036230
5	50	0.034881
5	60	0.033237
5	70	0.031721
5	80	0.030527
5	90	0.029426
5	100	0.028398
5	110	0.027672
5	120	0.027118
5	130	0.026701
5	140	0.026260
5	150	0.025753
5	160	0.025637
5	170	0.025442
5	180	0.025744
10	0	0.047716
10	10	0.046710
10	20	0.045591
10	30	0.043501
10	40	0.041004
10	50	0.038087
10	60	0.035088
10	70	0.032839
10	80	0.029941
10	90	0.027921
10	100	0.026145
10	110	0.024652
10	120	0.023462
10	130	0.022384
10	140	0.021600
10	150	0.021048
10	160	0.020851
10	170	0.020532
10	180	0.020491
15	0	0.055901
15	10	0.055103
15	20	0.052750
15	30	0.048836
15	40	0.044529
15	50	0.040203
15	60	0.036125
15	70	0.032054
15	80	0.028728
15	90	0.025733
15	100	0.023313
15	110	0.021128
15	120	0.019650
15	130	0.018664
15	140	0.017693
15	150	0.016905
15	160	0.016495
15	170	0.016282
15	180	0.016050
20	0	0.064042
20	10	0.062156
20	20	0.059217
20	30	0.053453
20	40	0.047121
20	50	0.041303
20	60	0.035596
20	70	0.030553
20	80	0.026219
20	90	0.023125
20	100	0.020400
20	110	0.018317
20	120	0.016425
20	130	0.015328
20	140	0.014438
25	0	0.071410
25	10	0.069365
25	20	0.063323
25	30	0.055584
25	40	0.048310
25	50	0.040377
25	60	0.034018
25	70	0.028358
25	80	0.023812
25	90	0.020186
25	100	0.017805
25	110	0.015422
25	120	0.013777
25	130	0.012295
25	140	0.011435
30	0	0.075620
30	10	0.072596
30	20	0.065453
30	30	0.056496
30	40	0.047462
30	50	0.038786
30	60	0.031342
30	70	0.025625
30	80	0.020809
30	90	0.017417
30	100	0.014668
30	110	0.012588
30	120	0.011157
30	130	0.010081
30	140	0.009247
35	0	0.077171
35	10	0.074155
35	20	0.066224
35	30	0.055973
35	40	0.046070
35	50	0.036253
35	60	0.028684
35	70	0.022592
35	80	0.018122
35	90	0.014792
35	100	0.012419
35	110	0.010527
35	120	0.009141
35	130	0.008004
35	140	0.007442
40	0	0.076376
40	10	0.072426
40	20	0.063408
40	30	0.053422
40	40	0.042810
40	50	0.033308
40	60	0.025349
40	70	0.019579
40	80	0.015287
40	90	0.012342
40	100	0.010222
40	110	0.008608
40	120	0.007538
40	130	0.006661
40	140	0.005920
45	0	0.074057
45	10	0.069419
45	20	0.060475
45	30	0.049630
45	40	0.038641
45	50	0.029266
45	60	0.022059
45	70	0.016769
45	80	0.013034
45	90	0.010429
45	100	0.008456
45	110	0.007110
45	120	0.006128
45	130	0.005436
45	140	0.004979
45	150	0.004474
45	160	0.004364
45	170	0.004189
45	180	0.004278
50	0	0.069583
50	10	0.065852
50	20	0.056543
50	30	0.045621
50	40	0.034921
50	50	0.025890
50	60	0.019321
50	70	0.014523
50	80	0.011113
50	90	0.008676
50	100	0.007111
50	110	0.005955
50	120	0.005082
50	130	0.004407
50	140	0.004149
50	150	0.003817
50	160	0.003606
50	170	0.003523
50	180	0.003458
55	0	0.065328
55	10	0.061737
55	20	0.053110
55	30	0.041327
55	40	0.031481
55	50	0.022767
55	60	0.016551
55	70	0.012208
55	80	0.009402
55	90	0.007285
55	100	0.005890
55	110	0.004895
55	120	0.004359
55	130	0.003813
55	140	0.003406
55	150	0.003323
55	160	0.003052
55	170	0.002977
55	180	0.002966
60	0	0.061590
60	10	0.057507
60	20	0.048180
60	30	0.037757
60	40	0.027633
60	50	0.019931
60	60	0.014225
60	70	0.010463
60	80	0.007967
60	90	0.006202
60	100	0.005000
60	110	0.004262
60	120	0.003599
60	130	0.003352
60	140	0.003058
60	150	0.002816
60	160	0.002688
60	170	0.002570
60	180	0.002538
65	0	0.058087
65	10	0.053738
65	20	0.044431
65	30	0.034576
65	40	0.024722
65	50	0.017153
65	60	0.012477
65	70	0.009003
65	80	0.006726
65	90	0.005242
65	100	0.004416
65	110	0.003790
65	120	0.003221
65	130	0.002802
65	140	0.002614
65	150	0.002492
65	160	0.002360
65	170	0.002288
65	180	0.001971
70	0	0.056053
70	10	0.051025
70	20	0.041638
70	30	0.030473
70	40	0.021939
70	50	0.014899
70	60	0.010294
70	70	0.007417
70	80	0.005706
70	90	0.004661
70	100	0.004139
70	110	0.003390
70	120	0.003280
70	130	0.002668
70	140	0.002475
70	150	0.002438
70	160	0.002201
70	170	0.002146
70	180	0.001814
75	0	0.052516
75	10	0.048496
75	20	0.038680
75	30	0.026900
75	40	0.018683
75	50	0.012292
75	60	0.008745
75	70	0.006638
75	80	0.005160
75	90	0.004105
75	100	0.003236
75	110	0.003088
75	120	0.002442
75	130	0.002727
75	140	0.002618
75	150	0.002104
75	160	0.002180
75	170	0.002339
75	180	0.001923
80	0	0.048652
80	10	0.043052
80	20	0.033135
80	30	0.023227
80	40	0.015376
80	50	0.010339
80	60	0.007416
80	70	0.005555
80	80	0.004492
80	90	0.003753
80	100	0.003367
80	110	0.002702
80	120	0.002410
80	130	0.002780
80	140	0.002642
80	150	0.002674
80	160	0.002504
80	170	0.002408
80	180	0.002480
50	0
0	0	0.014768
5	0	0.020083
5	10	0.020038
5	20	0.019574
5	30	0.018871
5	40	0.018117
5	50	0.017112
5	60	0.016264
5	70	0.015481
5	80	0.014770
5	90	0.014054
5	100	0.013457
5	110	0.012907
5	120	0.012588
5	130	0.012294
5	140	0.011990
5	150	0.011762
5	160	0.011639
5	170	0.011563
5	180	0.011593
10	0	0.026348
10	10	0.025911
10	20	0.024802
10	30	0.023249
10	40	0.021501
10	50	0.019754
10	60	0.017755
10	70	0.016118
10	80	0.014672
10	90	0.013422
10	100	0.012262
10	110	0.011556
10	120	0.010671
10	130	0.010140
10	140	0.009650
10	150	0.009346
10	160	0.009194
10	170	0.008976
10	180	0.008871
15	0	0.033937
15	10	0.033289
15	20	0.031248
15	30	0.028488
15	40	0.025224
15	50	0.021899
15	60	0.018974
15	70	0.016524
15	80	0.014258
15	90	0.012321
15	100	0.010891
15	110	0.009734
15	120	0.008864
15	130	0.008125
15	140	0.007731
15	150	0.007294
15	160	0.007111
15	170	0.006936
15	180	0.006868
20	0	0.043149
20	10	0.042253
20	20	0.038805
20	30	0.034005
20	40	0.028343
20	50	0.023659
20	60	0.019463
20	70	0.015867
20	80	0.013115
20	90	0.011235
20	100	0.009513
20	110	0.008269
20	120	0.007347
20	130	0.006646
20	140	0.006099
20	150	0.005499
20	160	0.004948
20	170	0.004803
20	180	0.004636
25	0	0.057261
25	10	0.054751
25	20	0.048041
25	30	0.039639
25	40	0.031938
25	50	0.024551
25	60	0.019155
25	70	0.014851
25	80	0.011922
25	90	0.009765
25	100	0.008291
25	110	0.007038
25	120	0.006083
25	130	0.005345
25	140	0.004888
25	150	0.004604
25	160	0.004213
25	170	0.004336
25	180	0.004406
30	0	0.073414
30	10	0.068228
30	20	0.057260
30	30	0.044907
30	40	0.033721
30	50	0.025019
30	60	0.018324
30	70	0.013825
30	80	0.010633
30	90	0.008343
30	100	0.006725
30	110	0.005784
30	120	0.004931
30	130	0.004444
30	140	0.004091
30	150	0.003824
30	160	0.003570
30	170	0.003411
30	180	0.003500
35	0	0.091197
35	10	0.084264
35	20	0.067484
35	30	0.049989
35	40	0.035634
35	50	0.024361
35	60	0.017278
35	70	0.012520
35	80	0.009289
35	90	0.007070
35	100	0.005668
35	110	0.004747
35	120	0.004073
35	130	0.003682
35	140	0.003368
35	150	0.003228
35	160	0.003032
35	170	0.002855
35	180	0.002685
40	0	0.112483
40	10	0.101277
40	20	0.076283
40	30	0.053073
40	40	0.035451
40	50	0.022845
40	60	0.015383
40	70	0.010825
40	80	0.008033
40	90	0.006100
40	100	0.004808
40	110	0.003961
40	120	0.003520
40	130	0.003041
40	140	0.002826
45	0	0.134802
45	10	0.116447
45	20	0.083943
45	30	0.055132
45	40	0.034091
45	50	0.021393
45	60	0.013564
45	70	0.009366
45	80	0.006777
45	90	0.005146
45	100	0.004211
45	110	0.003473
45	120	0.003052
45	130	0.002712
45	140	0.002481
50	0	0.156041
50	10	0.133936
50	20	0.092474
50	30	0.055715
50	40	0.032773
50	50	0.019120
50	60	0.011974
50	70	0.008072
50	80	0.005681
50	90	0.004345
50	100	0.003511
50	110	0.003073
50	120	0.002578
50	130	0.002472
50	140	0.002314
55	0	0.179375
55	10	0.149854
55	20	0.096199
55	30	0.055094
55	40	0.030349
55	50	0.016699
55	60	0.010418
55	70	0.006824
55	80	0.005020
55	90	0.003954
55	100	0.003111
55	110	0.002660
55	120	0.002326
55	130	0.002151
55	140	0.001988
60	0	0.204933
60	10	0.163513
60	20	0.099695
60	30	0.052619
60	40	0.026994
60	50	0.014481
60	60	0.008754
60	70	0.005821
60	80	0.004417
60	90	0.003375
60	100	0.002949
60	110	0.002468
60	120	0.002316
60	130	0.001920
60	140	0.001818
65	0	0.231790
65	10	0.177759
65	20	0.101533
65	30	0.049248
65	40	0.023752
65	50	0.012570
65	60	0.007397
65	70	0.005163
65	80	0.003740
65	90	0.003022
65	100	0.002761
65	110	0.002480
65	120	0.002053
65	130	0.002093
65	140	0.001951
65	150	0.001827
65	160	0.001766
65	170	0.001765
65	180	0.001351
70	0	0.262300
70	10	0.195924
70	20	0.101215
70	30	0.045115
70	40	0.020218
70	50	0.010431
70	60	0.006880
70	70	0.004746
70	80	0.003747
70	90	0.003370
70	100	0.002560
70	110	0.002329
70	120	0.002111
70	130	0.002244
70	140	0.002119
70	150	0.001926
70	160	0.001707
70	170	0.001747
70	180	0.001761
75	0	0.299966
75	10	0.212936
75	20	0.098795
75	30	0.039063
75	40	0.015914
75	50	0.008390
75	60	0.005436
75	70	0.004266
75	80	0.003759
75	90	0.002855
75	100	0.002623
75	110	0.002246
75	120	0.002305
75	130	0.001801
75	140	0.001823
75	150	0.001779
75	160	0.001866
75	170	0.001886
75	180	0.001580
80	0	0.337113
80	10	0.226478
80	20	0.088652
80	30	0.030639
80	40	0.012849
80	50	0.006896
80	60	0.005076
80	70	0.004146
80	80	0.003789
80	90	0.003239
80	100	0.002942
80	110	0.002530
80	120	0.002196
80	130	0.002418
80	140	0.001936
80	150	0.002334
80	160	0.002040
80	170	0.002046
80	180	0.001705
70	0
0	0	0.007078
5	0	0.009860
5	10	0.009781
5	20	0.009580
5	30	0.009233
5	40	0.008846
5	50	0.008351
5	60	0.007842
5	70	0.007398
5	80	0.007053
5	90	0.006763
5	100	0.006372
5	110	0.006075
5	120	0.005872
5	130	0.005734
5	140	0.005597
5	150	0.005515
5	160	0.005396
5	170	0.005397
5	180	0.005333
10	0	0.013569
10	10	0.013423
10	20	0.012858
10	30	0.011978
10	40	0.010835
10	50	0.009835
10	60	0.008836
10	70	0.007892
10	80	0.007103
10	90	0.006346
10	100	0.005811
10	110	0.005366
10	120	0.004991
10	130	0.004764
10	140	0.004495
10	150	0.004319
10	160	0.004218
10	170	0.004132
10	180	0.004133
15	0	0.019530
15	10	0.018929
15	20	0.017421
15	30	0.015343
15	40	0.013390
15	50	0.011248
15	60	0.009352
15	70	0.007904
15	80	0.006797
15	90	0.006021
15	100	0.005219
15	110	0.004519
15	120	0.004117
15	130	0.003804
15	140	0.003566
15	150	0.003405
15	160	0.003259
15	170	0.003275
15	180	0.003208
20	0	0.027006
20	10	0.025650
20	20	0.023475
20	30	0.019584
20	40	0.015574
20	50	0.012367
20	60	0.009816
20	70	0.007849
20	80	0.006393
20	90	0.005297
20	100	0.004429
20	110	0.003960
20	120	0.003449
20	130	0.003153
20	140	0.003037
20	150	0.002546
20	160	0.002009
20	170	0.002062
20	180	0.002021
25	0	0.040319
25	10	0.037335
25	20	0.031660
25	30	0.024390
25	40	0.018151
25	50	0.013136
25	60	0.009576
25	70	0.007142
25	80	0.005677
25	90	0.004655
25	100	0.004095
25	110	0.003533
25	120	0.003077
25	130	0.002640
25	140	0.002422
25	150	0.002252
25	160	0.002268
25	170	0.002186
25	180	0.002156
30	0	0.058307
30	10	0.052867
30	20	0.041769
30	30	0.029741
30	40	0.020147
30	50	0.013320
30	60	0.009348
30	70	0.006690
30	80	0.005040
30	90	0.004118
30	100	0.003357
30	110	0.002842
30	120	0.002453
30	130	0.002279
30	140	0.002102
30	150	0.002157
30	160	0.002108
30	170	0.001962
30	180	0.002036
35	0	0.084497
35	10	0.074420
35	20	0.054326
35	30	0.035070
35	40	0.021480
35	50	0.013119
35	60	0.008378
35	70	0.005900
35	80	0.004542
35	90	0.003547
35	100	0.002896
35	110	0.002490
35	120	0.002282
35	130	0.002129
35	140	0.002012
35	150	0.001799
35	160	0.001691
35	170	0.001690
35	180	0.001788
40	0	0.123894
40	10	0.104921
40	20	0.068696
40	30	0.039188
40	40	0.021595
40	50	0.012286
40	60	0.007607
40	70	0.005142
40	80	0.003983
40	90	0.003073
40	100	0.002699
40	110	0.002340
40	120	0.002070
40	130	0.001842
40	140	0.001742
40	150	0.001663
40	160	0.001712
40	170	0.001768
40	180	0.001678
45	0	0.184500
45	10	0.145415
45	20	0.085171
45	30	0.042976
45	40	0.021076
45	50	0.010831
45	60	0.006715
45	70	0.004728
45	80	0.003555
45	90	0.002941
45	100	0.002374
45	110	0.002070
45	120	0.001844
45	130	0.001809
45	140	0.001647
45	150	0.001740
45	160	0.001643
45	170	0.001556
45	180	0.001672
50	0	0.273874
50	10	0.201079
50	20	0.100260
50	30	0.043685
50	40	0.019015
50	50	0.009743
50	60	0.005778
50	70	0.004183
50	80	0.003323
50	90	0.002645
50	100	0.002280
50	110	0.002042
50	120	0.001923
50	130	0.001720
50	140	0.001730
50	150	0.001542
50	160	0.001544
50	170	0.001587
50	180	0.001579
55	0	0.405226
55	10	0.269392
55	20	0.113820
55	30	0.042042
55	40	0.016782
55	50	0.008221
55	60	0.005312
55	70	0.003822
55	80	0.003196
55	90	0.002527
55	100	0.002264
55	110	0.002018
55	120	0.001758
55	130	0.001626
55	140	0.001536
55	150	0.001603
55	160	0.001598
55	170	0.001612
55	180	0.001671
60	0	0.607653
60	10	0.351013
60	20	0.121788
60	30	0.038789
60	40	0.014360
60	50	0.007136
60	60	0.004733
60	70	0.003769
60	80	0.002962
60	90	0.002661
60	100	0.002073
60	110	0.001855
60	120	0.001783
60	130	0.001807
60	140	0.001610
65	0	0.903003
65	10	0.445642
65	20	0.122951
65	30	0.032616
65	40	0.011771
65	50	0.006383
65	60	0.004394
65	70	0.003490
65	80	0.002931
65	90	0.002448
65	100	0.002304
65	110	0.001868
65	120	0.001935
65	130	0.001626
65	140	0.001780
70	0	1.348935
70	10	0.539653
70	20	0.113103
70	30	0.026030
70	40	0.009945
70	50	0.005967
70	60	0.005005
70	70	0.003994
70	80	0.003475
70	90	0.002761
70	100	0.002548
70	110	0.002366
70	120	0.002118
70	130	0.002277
70	140	0.001942
75	0	2.008385
75	10	0.607224
75	20	0.091564
75	30	0.020482
75	40	0.009184
75	50	0.006184
75	60	0.004534
75	70	0.003929
75	80	0.003350
75	90	0.003173
75	100	0.002530
75	110	0.002491
75	120	0.002318
75	130	0.002000
75	140	0.002197
80	0	2.996830
80	10	0.592402
80	20	0.067468
80	30	0.016939
80	40	0.008486
80	50	0.006567
80	60	0.005136
80	70	0.004877
80	80	0.003666
80	90	0.003822
80	100	0.003092
80	110	0.002698
80	120	0.002424
80	130	0.002402
80	140	0.002539
