type bsdf_data
format angles=deg bsdf=value scale=1
10	0
-80	0	0.007531068983408541
-79	0	0.007537069324052476
-78	0	0.007542800224253104
-77	0	0.00754826859946963
-76	0	0.007553481365161266
-75	0	0.007558445436787225
-74	0	0.007563167729806714
-73	0	0.007567655159678943
-72	0	0.007571914641863125
-71	0	0.0075759530918184685
-70	0	0.0075797774250041805
-69	0	0.007583394556879476
-68	0	0.007586811402903562
-67	0	0.0075900348785356495
-66	0	0.007593071899234949
-65	0	0.00759592938046067
-64	0	0.007598614237672022
-63	0	0.007601133386328218
-62	0	0.007603493741888464
-61	0	0.007605702219811973
-60	0	0.007607765735557954
-59	0	0.007609691204585615
-58	0	0.0076114855423541706
-57	0	0.007613155664322827
-56	0	0.007614708485950797
-55	0	0.007616150922697288
-54	0	0.007617489890021513
-53	0	0.007618732303382679
-52	0	0.0076198850782399985
-51	0	0.007620955130052682
-50	0	0.007621949374279936
-49	0	0.007622874726380974
-48	0	0.007623738101815006
-47	0	0.00762454641604124
-46	0	0.007625306584518888
-45	0	0.007626025522707158
-44	0	0.007626710146065262
-43	0	0.007627367370052409
-42	0	0.007628004110127811
-41	0	0.007628627281750675
-40	0	0.007629243800380213
-39	0	0.007629860581475634
-38	0	0.007630484540496151
-37	0	0.00763112259290097
-36	0	0.007631781654149304
-35	0	0.007632468639700361
-34	0	0.007633190465013353
-33	0	0.007633954045547489
-32	0	0.007634766296761979
-31	0	0.007635634134116035
-30	0	0.007636564473068862
-29	0	0.007637564229079677
-28	0	0.007638640317607684
-27	0	0.007639799654112097
-26	0	0.007641049154052123
-25	0	0.0076423957328869765
-24	0	0.007643846306075864
-23	0	0.007645407789077996
-22	0	0.007647087097352585
-21	0	0.007648891146358837
-20	0	0.007650826851555964
-19	0	0.007652901128403178
-18	0	0.007655120892359687
-17	0	0.0076574930588847005
-16	0	0.00766002454343743
-15	0	0.007662722261477084
-14	0	0.007665593128462876
-13	0	0.007668644059854013
-12	0	0.007671881971109705
-11	0	0.0076753137776891635
-10	0	0.007678946395051598
-9	0	0.007682786738656219
-8	0	0.007686841723962237
-7	0	0.007691118266428859
-6	0	0.0076956232815152984
-5	0	0.007700363684680765
-4	0	0.007705346391384468
-3	0	0.007710578317085618
-2	0	0.007716066377243425
-1	0	0.007721817487317095
0	0	0.007727838562765846
1	0	0.007734136519048882
2	0	0.007740718271625417
3	0	0.007747590735954657
4	0	0.007754760827495815
5	0	0.0077622354617081
6	0	0.007770021554050721
7	0	0.007778126019982893
8	0	0.00778655577496382
9	0	0.007795317734452715
10	0	0.007804418813908787
11	0	0.007813865928791248
12	0	0.007823665994559307
13	0	0.007833825926672172
14	0	0.007844352640589056
15	0	0.007855253051769167
16	0	0.00786653407567172
17	0	0.007878202627755918
18	0	0.007890265623480974
19	0	0.007902729978306097
20	0	0.007915602607690501
21	0	0.007928890427093395
22	0	0.007942600351973986
23	0	0.007956739297791483
24	0	0.007971314180005101
25	0	0.007986331914074048
26	0	0.008001799415457533
27	0	0.00801772359961477
28	0	0.008034111382004962
29	0	0.008050969678087326
30	0	0.008068305403321069
31	0	0.008086125473165402
32	0	0.008104436803079533
33	0	0.008123246308522673
34	0	0.008142560904954034
35	0	0.008162387507832823
36	0	0.008182733032618253
37	0	0.008203604394769533
38	0	0.008225008509745871
39	0	0.008246952293006479
40	0	0.008269442660010569
41	0	0.00829248652621735
42	0	0.008316090807086032
43	0	0.008340262418075818
44	0	0.00836500827464593
45	0	0.008390335292255571
46	0	0.008416250386363953
47	0	0.008442760472430283
48	0	0.008469872465913776
49	0	0.00849759328227364
50	0	0.008525929836969084
51	0	0.00855488904545932
52	0	0.008584477823203556
53	0	0.008614703085661004
54	0	0.008645571748290871
55	0	0.008677090726552372
56	0	0.008709266935904715
57	0	0.008742107291807105
58	0	0.008775618709718762
59	0	0.008809808105098887
60	0	0.008844682393406692
61	0	0.008880248490101394
62	0	0.008916513310642193
63	0	0.008953483770488307
64	0	0.008991166785098939
65	0	0.009029569269933308
66	0	0.009068698140450618
67	0	0.009108560312110079
68	0	0.009149162700370903
69	0	0.009190512220692297
70	0	0.009232615788533478
71	0	0.00927548031935365
72	0	0.00931911272861202
73	0	0.009363519931767806
74	0	0.009408708844280215
75	0	0.009454686381608459
76	0	0.009501459459211744
77	0	0.009549034992549282
78	0	0.009597419897080283
79	0	0.009646621088263954
80	0	0.009696645481559513
30	0
-80	0	0.005655071751269418
-79	0	0.005748326440629314
-78	0	0.0058382101454361665
-77	0	0.005924778210908684
-76	0	0.0060080859822655795
-75	0	0.00608818880472556
-74	0	0.0061651420235073395
-73	0	0.006239000983829625
-72	0	0.006309821030911131
-71	0	0.006377657509970565
-70	0	0.006442565766226636
-69	0	0.006504601144898057
-68	0	0.006563818991203535
-67	0	0.006620274650361786
-66	0	0.006674023467591516
-65	0	0.006725120788111435
-64	0	0.006773621957140256
-63	0	0.0068195823198966875
-62	0	0.006863057221599442
-61	0	0.006904102007467226
-60	0	0.006942772022718752
-59	0	0.006979122612572732
-58	0	0.007013209122247875
-57	0	0.007045086896962889
-56	0	0.0070748112819364875
-55	0	0.007102437622387379
-54	0	0.007128021263534276
-53	0	0.0071516175505958865
-52	0	0.007173281828790921
-51	0	0.0071930694433380935
-50	0	0.0072110357394561085
-49	0	0.007227236062363679
-48	0	0.007241725757279518
-47	0	0.007254560169422332
-46	0	0.007265794644010834
-45	0	0.007275484526263732
-44	0	0.007283685161399736
-43	0	0.007290451894637561
-42	0	0.0072958400711959125
-41	0	0.007299905036293502
-40	0	0.007302702135149039
-39	0	0.0073042867129812375
-38	0	0.007304714115008806
-37	0	0.007304039686450453
-36	0	0.007302318772524891
-35	0	0.007299606718450827
-34	0	0.007295958869446976
-33	0	0.007291430570732047
-32	0	0.007286077167524749
-31	0	0.007279954005043791
-30	0	0.007273116428507885
-29	0	0.007265619783135744
-28	0	0.007257519414146074
-27	0	0.007248870666757588
-26	0	0.0072397288861889945
-25	0	0.007230149417659005
-24	0	0.007220187606386331
-23	0	0.007209898797589682
-22	0	0.007199338336487767
-21	0	0.007188561568299298
-20	0	0.007177623838242983
-19	0	0.007166580491537534
-18	0	0.007155486873401662
-17	0	0.007144398329054077
-16	0	0.007133370203713488
-15	0	0.007122457842598606
-14	0	0.007111716590928142
-13	0	0.0071012017939208055
-12	0	0.007090968796795309
-11	0	0.007081072944770358
-10	0	0.007071569583064668
-9	0	0.007062514056896947
-8	0	0.007053961711485906
-7	0	0.007045967892050254
-6	0	0.007038587943808702
-5	0	0.007031877211979963
-4	0	0.007025891041782742
-3	0	0.007020684778435754
-2	0	0.007016313767157709
-1	0	0.007012833353167313
0	0	0.00701029888168328
1	0	0.007008765697924321
2	0	0.007008289147109144
3	0	0.007008924574456461
4	0	0.00701072732518498
5	0	0.007013752744513414
6	0	0.007018056177660473
7	0	0.007023692969844866
8	0	0.0070307184662853055
9	0	0.007039188012200498
10	0	0.007049156952809157
11	0	0.007060680633329992
12	0	0.007073814398981715
13	0	0.007088613594983032
14	0	0.0071051335665526585
15	0	0.007123429658909299
16	0	0.007143557217271671
17	0	0.00716557158685848
18	0	0.007189528112888435
19	0	0.007215482140580251
20	0	0.007243489015152635
21	0	0.0072736040818243
22	0	0.007305882685813954
23	0	0.0073403801723403075
24	0	0.007377151886622071
25	0	0.0074162531738779566
26	0	0.007457739379326672
27	0	0.007501665848186931
28	0	0.00754808792567744
29	0	0.007597060957016911
30	0	0.007648640287424055
31	0	0.007702881262117582
32	0	0.007759839226316201
33	0	0.007819569525238625
34	0	0.007882127504103562
35	0	0.007947568508129721
36	0	0.008015947882535818
37	0	0.008087320972540557
38	0	0.008161743123362653
39	0	0.008239269680220812
40	0	0.00831995598833375
41	0	0.008403857392920173
42	0	0.008491029239198793
43	0	0.008581526872388317
44	0	0.008675405637707462
45	0	0.008772720880374932
46	0	0.008873527945609442
47	0	0.008977882178629697
48	0	0.009085838924654413
49	0	0.009197453528902296
50	0	0.00931278133659206
51	0	0.009431877692942415
52	0	0.009554797943172067
53	0	0.00968159743249973
54	0	0.009812331506144112
55	0	0.009947055509323928
56	0	0.010085824787257884
57	0	0.01022869468516469
58	0	0.010375720548263061
59	0	0.0105269577217717
60	0	0.010682461550909324
61	0	0.010842287380894641
62	0	0.011006490556946361
63	0	0.011175126424283196
64	0	0.01134825032812385
65	0	0.011525917613687042
66	0	0.011708183626191481
67	0	0.011895103710855871
68	0	0.012086733212898926
69	0	0.012283127477539358
70	0	0.012484341849995879
71	0	0.012690431675487194
72	0	0.012901452299232013
73	0	0.01311745906644905
74	0	0.013338507322357017
75	0	0.013564652412174619
76	0	0.01379594968112057
77	0	0.01403245447441358
78	0	0.014274222137272356
79	0	0.01452130801491561
80	0	0.01477376745256206
50	0
-80	0	0.008649094684917874
-79	0	0.008594124914709858
-78	0	0.008540626699890759
-77	0	0.00848857994074617
-76	0	0.008437964537561697
-75	0	0.008388760390622947
-74	0	0.008340947400215518
-73	0	0.008294505466625019
-72	0	0.008249414490137046
-71	0	0.00820565437103721
-70	0	0.008163205009611112
-69	0	0.008122046306144352
-68	0	0.008082158160922536
-67	0	0.008043520474231269
-66	0	0.00800611314635615
-65	0	0.007969916077582788
-64	0	0.007934909168196782
-63	0	0.007901072318483734
-62	0	0.00786838542872925
-61	0	0.007836828399218936
-60	0	0.007806381130238392
-59	0	0.00777702352207322
-58	0	0.0077487354750090266
-57	0	0.007721496889331413
-56	0	0.007695287665325985
-55	0	0.007670087703278341
-54	0	0.007645876903474088
-53	0	0.007622635166198831
-52	0	0.007600342391738171
-51	0	0.007578978480377712
-50	0	0.007558523332403055
-49	0	0.007538956848099806
-48	0	0.007520258927753567
-47	0	0.007502409471649943
-46	0	0.007485388380074534
-45	0	0.007469175553312947
-44	0	0.007453750891650785
-43	0	0.00743909429537365
-42	0	0.007425185664767145
-41	0	0.007412004900116875
-40	0	0.007399531901708443
-39	0	0.007387746569827448
-38	0	0.007376628804759499
-37	0	0.007366158506790198
-36	0	0.007356315576205147
-35	0	0.007347079913289952
-34	0	0.007338431418330212
-33	0	0.007330349991611532
-32	0	0.0073228155334195185
-31	0	0.007315807944039771
-30	0	0.007309307123757893
-29	0	0.00730329297285949
-28	0	0.007297745391630167
-27	0	0.007292644280355523
-26	0	0.007287969539321162
-25	0	0.007283701068812688
-24	0	0.007279818769115706
-23	0	0.007276302540515818
-22	0	0.007273132283298628
-21	0	0.007270287897749739
-20	0	0.007267749284154752
-19	0	0.007265496342799276
-18	0	0.0072635089739689065
-17	0	0.0072617670779492535
-16	0	0.007260250555025919
-15	0	0.007258939305484503
-14	0	0.007257813229610612
-13	0	0.007256852227689848
-12	0	0.007256036200007816
-11	0	0.007255345046850118
-10	0	0.0072547586685023585
-9	0	0.007254256965250139
-8	0	0.0072538198373790636
-7	0	0.007253427185174735
-6	0	0.007253058908922758
-5	0	0.007252694908908736
-4	0	0.007252315085418271
-3	0	0.0072518993387369664
-2	0	0.007251427569150426
-1	0	0.007250879676944252
0	0	0.007250235562404052
1	0	0.007249475125815424
2	0	0.007248578267463977
3	0	0.0072475248876353055
4	0	0.007246294886615022
5	0	0.007244868164688726
6	0	0.00724322462214202
7	0	0.007241433428946238
8	0	0.007239920833815625
9	0	0.007239202355150155
10	0	0.007239793511349805
11	0	0.007242209820814547
12	0	0.007246966801944359
13	0	0.0072545799731392165
14	0	0.007265564852799087
15	0	0.007280436959323956
16	0	0.007299711811113792
17	0	0.007323904926568568
18	0	0.007353531824088265
19	0	0.007389108022072854
20	0	0.00743114903892231
21	0	0.007480170393036609
22	0	0.007536687602815724
23	0	0.007601216186659632
24	0	0.007674271662968309
25	0	0.0077563695501417255
26	0	0.007848025366579858
27	0	0.007949754630682685
28	0	0.008062072860850178
29	0	0.008185495575482312
30	0	0.00832053829297906
31	0	0.0084677165317404
32	0	0.008627545810166306
33	0	0.008800541646656754
34	0	0.008987219559611717
35	0	0.009188095067431172
36	0	0.009403683688515092
37	0	0.00963450094126345
38	0	0.009881062344076225
39	0	0.010143883415353386
40	0	0.010423479673494919
41	0	0.010720366636900788
42	0	0.011035059823970971
43	0	0.011368074753105443
44	0	0.011720192949096505
45	0	0.012093259962305737
46	0	0.012489387349487046
47	0	0.012910686667394346
48	0	0.013359269472781543
49	0	0.01383724732240254
50	0	0.014346731773011257
51	0	0.01488983438136159
52	0	0.015468666704207445
53	0	0.01608534029830274
54	0	0.016741966720401374
55	0	0.017440657527257264
56	0	0.01818352427562431
57	0	0.018972678522256432
58	0	0.019810231823907523
59	0	0.020698295737331493
60	0	0.021638981819282258
61	0	0.02263440162651372
62	0	0.02368666671577979
63	0	0.024797888643834372
64	0	0.02597017896743138
65	0	0.02720564924332472
66	0	0.0285064110282683
67	0	0.029874575879016013
68	0	0.03131225535232178
69	0	0.03282156100493952
70	0	0.03440460439362314
71	0	0.036063497075126516
72	0	0.03780035060620359
73	0	0.039617276543608256
74	0	0.041516386444094416
75	0	0.043499791864416
76	0	0.04556960436132689
77	0	0.04772793549158101
78	0	0.04997689681193226
79	0	0.05231859987913456
80	0	0.05475515624994179
70	0
-80	0	0.014366183162828542
-79	0	0.014074906441178982
-78	0	0.013790490348885923
-77	0	0.013512867187111
-76	0	0.013241969257015863
-75	0	0.012977728859762148
-74	0	0.0127200782965115
-73	0	0.012468949868425562
-72	0	0.01222427587666598
-71	0	0.011985988622394394
-70	0	0.011754020406772446
-69	0	0.011528303530961778
-68	0	0.011308770296124036
-67	0	0.011095353003420858
-66	0	0.010887983954013889
-65	0	0.010686595449064775
-64	0	0.010491119789735156
-63	0	0.010301489277186668
-62	0	0.010117636212580966
-61	0	0.009939492897079683
-60	0	0.009766991631844468
-59	0	0.00960006471803696
-58	0	0.009438644456818805
-57	0	0.009282663149351637
-56	0	0.00913205309679711
-55	0	0.008986746600316859
-54	0	0.00884667596107253
-53	0	0.008711773480225764
-52	0	0.00858197145893821
-51	0	0.0084572021983715
-50	0	0.008337397999687282
-49	0	0.008222491164047201
-48	0	0.008112413992612897
-47	0	0.008007098786546013
-46	0	0.00790647784700819
-45	0	0.007810483475161073
-44	0	0.007719047972166305
-43	0	0.007632103639185528
-42	0	0.007549582777380384
-41	0	0.007471417687912516
-40	0	0.007397540671943567
-39	0	0.007327884030635179
-38	0	0.007262380065148995
-37	0	0.007200961076646657
-36	0	0.007143559366289812
-35	0	0.0070901072352400965
-34	0	0.007040536984659155
-33	0	0.006994780915708633
-32	0	0.00695277132955017
-31	0	0.0069144405273454095
-30	0	0.006879720810255997
-29	0	0.00684854447944357
-28	0	0.006820843836069775
-27	0	0.006796551181296254
-26	0	0.006775598816284648
-25	0	0.006757919042196602
-24	0	0.006743444160193757
-23	0	0.006732106471437755
-22	0	0.0067238382770902425
-21	0	0.006718571878312859
-20	0	0.006716239576267246
-19	0	0.006716773672115052
-18	0	0.0067201064670179105
-17	0	0.0067261702621374715
-16	0	0.006734897358635377
-15	0	0.006746220057673266
-14	0	0.006760070660412785
-13	0	0.006776381468015574
-12	0	0.006795084781643278
-11	0	0.006816112902457537
-10	0	0.006839398131619995
-9	0	0.006864872770292296
-8	0	0.006892469119636079
-7	0	0.006922119480812991
-6	0	0.006953756154984672
-5	0	0.006987311443312765
-4	0	0.007022717646958915
-3	0	0.007059907067084762
-2	0	0.007098812004851949
-1	0	0.007139364761422119
0	0	0.007181497637956916
1	0	0.007225142935617981
2	0	0.007270232955566957
3	0	0.007316699998965484
4	0	0.007364476366975212
5	0	0.007413494360757778
6	0	0.007463686281474825
7	0	0.007515236976564309
8	0	0.00756934147856944
9	0	0.00762744736630974
10	0	0.00769100221860473
11	0	0.007761453614273933
12	0	0.007840249132136868
13	0	0.007928836351013062
14	0	0.00802866284972203
15	0	0.008141176207083297
16	0	0.008267824001916385
17	0	0.008410053813040818
18	0	0.008569313219276117
19	0	0.0087470497994418
20	0	0.008944711132357397
21	0	0.00916374479684242
22	0	0.009405598371716393
23	0	0.009671719435798849
24	0	0.009963555567909293
25	0	0.01028255434686726
26	0	0.010630163351492264
27	0	0.01100783016060383
28	0	0.01141700235302148
29	0	0.011859127507564737
30	0	0.012335653203053118
31	0	0.012848027018306153
32	0	0.013397696532143358
33	0	0.013986109323384253
34	0	0.014614712970848365
35	0	0.015284955053355209
36	0	0.01599828314972432
37	0	0.01675614483877521
38	0	0.017559987699327394
39	0	0.018411259310200406
40	0	0.01931140725021377
41	0	0.020261879098186997
42	0	0.02126412243293961
43	0	0.022319584833291137
44	0	0.02343448290978553
45	0	0.024634109399864438
46	0	0.025948526072693965
47	0	0.02740779469744019
48	0	0.029041977043269197
49	0	0.030881134879347093
50	0	0.03295532997483995
51	0	0.035294624098913874
52	0	0.03792907902073493
53	0	0.04088875650946923
54	0	0.04420601150734706
55	0	0.04792237164885559
56	0	0.05208165774154622
57	0	0.05672769059297028
58	0	0.061904291010679166
59	0	0.06765527980222424
60	0	0.07402447777515692
61	0	0.08105570573702853
62	0	0.08879278449539046
63	0	0.09731932781325961
64	0	0.10687812127551456
65	0	0.11775174342249947
66	0	0.13022277279455846
67	0	0.14457378793203574
68	0	0.16103594573379956
69	0	0.17963471653281513
70	0	0.2003441490205719
71	0	0.22313829188855916
72	0	0.2481245920032726
73	0	0.27594408893123273
74	0	0.30737122041396614
75	0	0.34414923405231745
76	0	0.38928393602012845
77	0	0.4375935404367497
78	0	0.486460866730404
79	0	0.5382311738303154
80	0	0.6099221924965659
