type bsdf_data
format angles=deg bsdf=value scale=1
10	0
-80	0	0.009738649536130505
-79	0	0.009338518432489177
-78	0	0.00922272222590121
-77	0	0.009189107836361439
-76	0	0.009150975734963459
-75	0	0.009082541173234761
-74	0	0.008985896728251334
-73	0	0.008872347493483422
-72	0	0.008752996141215856
-71	0	0.00863497821415079
-70	0	0.008520888223910002
-69	0	0.008409776521422128
-68	0	0.008298702481903219
-67	0	0.008184255645411937
-66	0	0.008063746752889385
-65	0	0.007935959917487353
-64	0	0.0078014729081164165
-63	0	0.007662616072202566
-62	0	0.007523168209201143
-61	0	0.00738789213391996
-60	0	0.007262002926190676
-59	0	0.0071506445814652495
-58	0	0.007058430581826076
-57	0	0.006989083878285178
-56	0	0.0069451938200301745
-55	0	0.00692809272268196
-54	0	0.006937843449338469
-53	0	0.006973321567108728
-52	0	0.007032371039662758
-51	0	0.007112010559396326
-50	0	0.007208667968972479
-49	0	0.00731842221299801
-48	0	0.0074372353656175574
-47	0	0.00756116102372168
-46	0	0.007686519335120914
-45	0	0.007810032822581028
-44	0	0.007928920723952288
-43	0	0.008040952627193159
-42	0	0.008144464636285272
-41	0	0.008238343117796976
-40	0	0.008321982254166882
-39	0	0.00839522221208662
-38	0	0.00845827479329068
-37	0	0.008511643058965727
-36	0	0.008556040705577082
-35	0	0.008592316019061703
-34	0	0.008621384142282617
-33	0	0.008644170245400113
-32	0	0.008661565066920597
-31	0	0.008674393257550008
-30	0	0.008683394057820447
-29	0	0.008689213107106877
-28	0	0.00869240363511748
-27	0	0.008693434933083435
-26	0	0.008692705835005426
-25	0	0.00869056094412757
-24	0	0.008687307493473252
-23	0	0.008683231003597967
-22	0	0.00867860826425668
-21	0	0.008673716586770427
-20	0	0.008668838718396155
-19	0	0.008664263248972926
-18	0	0.008660280746970431
-17	0	0.00865717621464116
-16	0	0.008655218733201367
-15	0	0.008654649367232
-14	0	0.00865566850675662
-13	0	0.008658423845074734
-12	0	0.008663000124763905
-11	0	0.008669411642083898
-10	0	0.008677598293763451
-9	0	0.008687425695085464
-8	0	0.008698689611467395
-7	0	0.008711124645467227
-6	0	0.008724416825455278
-5	0	0.008738219468333464
-4	0	0.008752171452243334
-3	0	0.008765916849408436
-2	0	0.008779124744412727
-1	0	0.008791508006301409
0	0	0.00880283979729809
1	0	0.008812966686384514
2	0	0.008821817388607541
3	0	0.008829406363508048
4	0	0.008835831768244326
5	0	0.008841267560025184
6	0	0.008845949863666379
7	0	0.008850158047473768
8	0	0.008854191267741274
9	0	0.008858341532647794
10	0	0.008862864584913477
11	0	0.008867950095557678
12	0	0.008873692787111866
13	0	0.008880066155155021
14	0	0.008886900426823713
15	0	0.008893866282375101
16	0	0.0089004656730899
17	0	0.00890603080171659
18	0	0.008909731999833312
19	0	0.008910594852820839
20	0	0.008907526503346233
21	0	0.008899350626368235
22	0	0.008884850132257866
23	0	0.008862816239981787
24	0	0.00883210218957309
25	0	0.008791679551398401
26	0	0.008740694856119956
27	0	0.008678524127980976
28	0	0.008604822865683393
29	0	0.008519569085905641
30	0	0.008423097225783353
31	0	0.008316120988604798
32	0	0.00819974360240125
33	0	0.008075454429708149
34	0	0.007945111399422774
35	0	0.007810909305159043
36	0	0.007675334602382684
37	0	0.007541107910471672
38	0	0.007411115956639628
39	0	0.007288335158284618
40	0	0.007175749403310759
41	0	0.007076264833195265
42	0	0.006992624545943817
43	0	0.006927326108051269
44	0	0.006882544597446509
45	0	0.006860063604145294
46	0	0.006861216213062309
47	0	0.006886837515105052
48	0	0.00693722967811953
49	0	0.007012140105350385
50	0	0.007110752766953859
51	0	0.007231692461388378
52	0	0.007373041595617495
53	0	0.007532369103466295
54	0	0.007706771371276885
55	0	0.007892925506871633
56	0	0.008087155938705747
57	0	0.008285516096226594
58	0	0.008483887685350322
59	0	0.008678100672016761
60	0	0.008864077309978362
61	0	0.009038003137768636
62	0	0.009196526527811933
63	0	0.009336985780817729
64	0	0.009457658610330854
65	0	0.009558022892311125
66	0	0.00963900960509731
67	0	0.009703218982004078
68	0	0.009755059357347221
69	0	0.0098007557469851
70	0	0.00984816320572401
71	0	0.009906310603929526
72	0	0.009984596913423592
73	0	0.010091569064124985
74	0	0.010233234441986842
75	0	0.010410910992613645
76	0	0.010618705452127198
77	0	0.010840850867445719
78	0	0.011049348202750837
79	0	0.01120266885137556
80	0	0.011246717339448115
30	0
-80	0	0.007265943240345327
-79	0	0.007160623951347889
-78	0	0.00713184533264054
-77	0	0.007150162124232317
-76	0	0.007201357498435804
-75	0	0.007275660304493967
-74	0	0.007363299122232782
-73	0	0.007453545644928112
-72	0	0.007535412625520094
-71	0	0.007598889942496515
-70	0	0.007636097593542614
-69	0	0.007642063391540684
-68	0	0.007615040555976251
-67	0	0.007556401105537208
-66	0	0.00747020172385212
-65	0	0.007362539816579029
-64	0	0.007240813791207661
-63	0	0.00711298400889624
-62	0	0.00698690697015204
-61	0	0.006869790189954848
-60	0	0.006767792086858308
-59	0	0.006685771847052495
-58	0	0.006627179415449599
-57	0	0.006594065604524289
-56	0	0.006587186439538544
-55	0	0.006606173651380136
-54	0	0.006649743932505532
-53	0	0.006715922405005962
-52	0	0.00680225996958415
-51	0	0.006906029149996722
-50	0	0.007024388167322922
-49	0	0.00715450783850109
-48	0	0.0072936601789574534
-47	0	0.007439271095505599
-46	0	0.007588942177392406
-45	0	0.007740448307877935
-44	0	0.007891718670131722
-43	0	0.00804080880348418
-42	0	0.00818587080717627
-41	0	0.008325127736323075
-40	0	0.00845685684349624
-39	0	0.008579384740375706
-38	0	0.008691095926819716
-37	0	0.008790454581042165
-36	0	0.008876038123924016
-35	0	0.008946579938005624
-34	0	0.00900101778758226
-33	0	0.009038543976391759
-32	0	0.009058653096967587
-31	0	0.009061183354322905
-30	0	0.009046347853170805
-29	0	0.009014752876421492
-28	0	0.008967400998207182
-27	0	0.008905677806878573
-26	0	0.008831322000340917
-25	0	0.00874637959744036
-24	0	0.008653143929078465
-23	0	0.00855408388243961
-22	0	0.00845176353103945
-21	0	0.008348756762178474
-20	0	0.008247560792545341
-19	0	0.008150512533895008
-18	0	0.00805971163637268
-17	0	0.007976953709588843
-16	0	0.007903676722259475
-15	0	0.007840922938838278
-14	0	0.007789318000605738
-13	0	0.007749067937653909
-12	0	0.007719974047741464
-11	0	0.007701464738958816
-10	0	0.0076926426448507505
-9	0	0.007692344619192067
-8	0	0.007699211634418366
-7	0	0.007711765168293107
-6	0	0.007728486386405633
-5	0	0.007747894324708216
-4	0	0.007768619349852686
-3	0	0.007789468421082854
-2	0	0.0078094790838473364
-1	0	0.007827959673149127
0	0	0.00784451386889501
1	0	0.007859048496112783
2	0	0.0078717642661196
3	0	0.007883129974507654
4	0	0.007893841471327583
5	0	0.007904767461997909
6	0	0.007916884850397836
7	0	0.007931206868128688
8	0	0.007948707620835268
9	0	0.0079702469046113
10	0	0.007996499190673443
11	0	0.00802789054004767
12	0	0.008064546895241444
13	0	0.00810625671396602
14	0	0.008152450279736299
15	0	0.008202197271427625
16	0	0.008254223330514007
17	0	0.008306945467544942
18	0	0.008358525238682652
19	0	0.008406937740871877
20	0	0.008450053662530717
21	0	0.008485730925774026
22	0	0.008511911902635984
23	0	0.008526721812540758
24	0	0.008528563735171328
25	0	0.00851620571703759
26	0	0.008488855716753868
27	0	0.008446220617988165
28	0	0.008388546223931677
29	0	0.008316636005759635
30	0	0.008231847372451596
31	0	0.008136065313947586
32	0	0.008031654389973913
33	0	0.007921391133843231
34	0	0.007808379952506168
35	0	0.007695956470125152
36	0	0.007587582925514164
37	0	0.007486740644631345
38	0	0.007396824729864105
39	0	0.007321045914757864
40	0	0.00726234402057776
41	0	0.007223316634460039
42	0	0.007206165544757734
43	0	0.007212662177042192
44	0	0.007244131855641291
45	0	0.007301455271953932
46	0	0.0073850841893571125
47	0	0.007495067282694015
48	0	0.007631081227814145
49	0	0.0077924618457513
50	0	0.007978230370237328
51	0	0.008187110817680254
52	0	0.008417536020487637
53	0	0.008667642101817969
54	0	0.008935253911608381
55	0	0.00921786701192764
56	0	0.009512634900287038
57	0	0.009816372899324497
58	0	0.010125592033224499
59	0	0.010436576691086616
60	0	0.010745518335807603
61	0	0.011048713351851619
62	0	0.011342825819605377
63	0	0.011625205236877066
64	0	0.011894235004791672
65	0	0.01214967042726751
66	0	0.012392906417674973
67	0	0.012627097576555744
68	0	0.012857040867055445
69	0	0.013088729907418084
70	0	0.013328508765887499
71	0	0.013581804410708656
72	0	0.013851517382898023
73	0	0.014136322117118023
74	0	0.014429400817262659
75	0	0.014718545560512147
76	0	0.01498916037199173
77	0	0.015232538954914743
78	0	0.015462960272014515
79	0	0.015748727065918962
80	0	0.016264387058519347
50	0
-80	0	0.01324837294358855
-79	0	0.012858926446857231
-78	0	0.012547207825301554
-77	0	0.012265013639265925
-76	0	0.012018995671136868
-75	0	0.011825484948158356
-74	0	0.011691536233888003
-73	0	0.011610661041536702
-72	0	0.011565757588231172
-71	0	0.011534624054734544
-70	0	0.011495436540066998
-69	0	0.011430908018632278
-68	0	0.011330695281264336
-67	0	0.01119212449058032
-66	0	0.011019568261143657
-65	0	0.010822908169429804
-64	0	0.01061551587017604
-63	0	0.010412126816922579
-62	0	0.01022689345136375
-61	0	0.010071810261539409
-60	0	0.009955614443785172
-59	0	0.009883190596627353
-58	0	0.009855449465881537
-57	0	0.009869609988373435
-56	0	0.00991978964234928
-55	0	0.009997798188364382
-54	0	0.010094031490711294
-53	0	0.010198372291481315
-52	0	0.010301020718190628
-51	0	0.01039319637819448
-50	0	0.010467673956594179
-49	0	0.010519133556718654
-48	0	0.010544324317943147
-47	0	0.010542054252083863
-46	0	0.010513030274932035
-45	0	0.01045957991655985
-44	0	0.01038529027969798
-43	0	0.0102946007884983
-42	0	0.010192384581117379
-41	0	0.010083549586958982
-40	0	0.009972684970419511
-39	0	0.009863772293559343
-38	0	0.009759973992201557
-37	0	0.009663505056688709
-36	0	0.009575587567130103
-35	0	0.009496482274402787
-34	0	0.009425586972966417
-33	0	0.009361588120906926
-32	0	0.00930265008367317
-31	0	0.00924662549249985
-30	0	0.009191270434004167
-29	0	0.009134449389714198
-28	0	0.009074316850858268
-27	0	0.009009465147296522
-26	0	0.008939031040774304
-25	0	0.008862756832479113
-24	0	0.008781004924459056
-23	0	0.008694727774436571
-22	0	0.008605397840910004
-21	0	0.008514904308578819
-20	0	0.008425425026005684
-19	0	0.008339283126796573
-18	0	0.008258798226528424
-17	0	0.008186141907579898
-16	0	0.008123206470274725
-15	0	0.008071494714200574
-14	0	0.008032036911370555
-13	0	0.008005339250705339
-12	0	0.00799136598725668
-11	0	0.007989555438228173
-10	0	0.00799886794638381
-9	0	0.008017862086399563
-8	0	0.00804479381428973
-7	0	0.008077732030197288
-6	0	0.008114683196391926
-5	0	0.008153717258993802
-4	0	0.008193087174465909
-3	0	0.008231334828170336
-2	0	0.008267377018425153
-1	0	0.00830056641204133
0	0	0.008330723886012564
1	0	0.008358140371437504
2	0	0.00838354811736089
3	0	0.008408063096910081
4	0	0.008433101988807432
5	0	0.008460278691674351
6	0	0.00849128658325636
7	0	0.008527773651723296
8	0	0.008571218148165164
9	0	0.008622812504445186
10	0	0.00868336291630151
11	0	0.00875321121815267
12	0	0.008832184506187004
13	0	0.008919576454340487
14	0	0.009014162487639994
15	0	0.009114249019698113
16	0	0.009217754929249814
17	0	0.009322321456011117
18	0	0.009425444853186775
19	0	0.009524624554238179
20	0	0.009617518397961211
21	0	0.009702095696943663
22	0	0.009776778698485533
23	0	0.009840563317522113
24	0	0.009893110932367074
25	0	0.009934804508491994
26	0	0.00996676430164102
27	0	0.00999082080404939
28	0	0.010009445318844078
29	0	0.010025641431479907
30	0	0.010042803523413597
31	0	0.010064551155889185
32	0	0.010094550446983838
33	0	0.010136335282193598
34	0	0.01019314216170787
35	0	0.010267772547134419
36	0	0.010362495617730446
37	0	0.01047900232454112
38	0	0.01061841854755313
39	0	0.010781381096969607
40	0	0.010968175416587508
41	0	0.011178928390668258
42	0	0.011413843954307307
43	0	0.011673463666294698
44	0	0.011958929491711599
45	0	0.012272222271920066
46	0	0.012616347261767254
47	0	0.012995438199082388
48	0	0.013414754090264214
49	0	0.013880548587695666
50	0	0.014399800673455636
51	0	0.01497980729725587
52	0	0.01562765330651953
53	0	0.01634959077103625
54	0	0.01715037756845928
55	0	0.018032642356825185
56	0	0.018996357873998854
57	0	0.020038514512958377
58	0	0.021153088621069814
59	0	0.022331392042244134
60	0	0.023562868144790482
61	0	0.02483636235517123
62	0	0.026141840215666918
63	0	0.027472452746279307
64	0	0.02882675914427378
65	0	0.030210815552564
66	0	0.03163973528409858
67	0	0.033138236244293656
68	0	0.034739639395005115
69	0	0.03648280285010533
70	0	0.038406618434422043
71	0	0.04054202782953592
72	0	0.04290212251282895
73	0	0.04547189185554956
74	0	0.04820072715121425
75	0	0.051003067508565536
76	0	0.05377582808782287
77	0	0.056445784022448764
78	0	0.059066268686203766
79	0	0.0619908428280867
80	0	0.06616256336332979
70	0
-80	0	0.013461752482022436
-79	0	0.013398211883835345
-78	0	0.013763684794397487
-77	0	0.01391450683190644
-76	0	0.013714901713484884
-75	0	0.013253960594383784
-74	0	0.012685483438819468
-73	0	0.012147109125874314
-72	0	0.011728122087376183
-71	0	0.011465002607924386
-70	0	0.011350898162181221
-69	0	0.011350313977301773
-68	0	0.011413920260583531
-67	0	0.011490825780805125
-66	0	0.011537269760250182
-65	0	0.011521669402088798
-64	0	0.011426509509684341
-63	0	0.011247811622863655
-62	0	0.010992976636467134
-61	0	0.010677733336171632
-60	0	0.010322800427477042
-59	0	0.009950719383396405
-58	0	0.009583164843343532
-57	0	0.009238903729689113
-56	0	0.008932461975517666
-55	0	0.008673471993306715
-54	0	0.008466614539226966
-53	0	0.00831203302871412
-52	0	0.008206082974165464
-51	0	0.008142279828733388
-50	0	0.008112320854179443
-49	0	0.008107076683764576
-48	0	0.00811747250468523
-47	0	0.00813520431774019
-46	0	0.00815326026153538
-45	0	0.00816623885802473
-44	0	0.00817047416796219
-43	0	0.008163991669486333
-42	0	0.008146328046313657
-41	0	0.008118253186270652
-40	0	0.0080814339886312
-39	0	0.0080380776709283
-38	0	0.007990587859370202
-37	0	0.00794126058162668
-36	0	0.007892040078332616
-35	0	0.007844346773718812
-34	0	0.007798982372664228
-33	0	0.007756110351476207
-32	0	0.007715304437455609
-31	0	0.00767565326489962
-30	0	0.007635906376993058
-29	0	0.0075946451355316255
-28	0	0.007550461835948522
-27	0	0.007502131263126695
-26	0	0.007448760868162615
-25	0	0.007389908464532496
-24	0	0.00732565958113198
-23	0	0.007256660112967225
-22	0	0.007184103432224053
-21	0	0.007109674440335502
-20	0	0.00703545596538798
-19	0	0.0069638052881932175
-18	0	0.006897210307928192
-17	0	0.006838135873362927
-16	0	0.006788871092317657
-15	0	0.0067513880163357284
-14	0	0.006727221043552898
-13	0	0.006717374786021649
-12	0	0.0067222661285890615
-11	0	0.006741703902012197
-10	0	0.0067749071493836644
-9	0	0.006820560529109241
-8	0	0.006876903109983513
-7	0	0.006941844801249492
-6	0	0.007013103030486263
-5	0	0.007088351118309842
-4	0	0.00716536915735853
-3	0	0.007242188110640694
-2	0	0.007317218297889852
-1	0	0.007389354405862298
0	0	0.007458050580403475
1	0	0.007523360951988344
2	0	0.007585943010635941
3	0	0.007647023465139319
4	0	0.007708328472026186
5	0	0.007771982276414043
6	0	0.00784038024931167
7	0	0.007916043923912066
8	0	0.008001466833205873
9	0	0.008098960660142316
10	0	0.008210511382031327
11	0	0.00833765470338237
12	0	0.008481379136009024
13	0	0.00864206364197071
14	0	0.008819454872463862
15	0	0.009012686808929903
16	0	0.009220343158410874
17	0	0.009440560307538657
18	0	0.009671166143197445
19	0	0.009909847751171706
20	0	0.010154339051231281
21	0	0.010402617950341668
22	0	0.01065310170738006
23	0	0.010904828987981587
24	0	0.011157617598220503
25	0	0.011412188132906172
26	0	0.011670245727649051
27	0	0.01193451468818481
28	0	0.012208723866158872
29	0	0.012497544096704099
30	0	0.01280648261275511
31	0	0.013141742879244337
32	0	0.013510061504829638
33	0	0.013918536542797934
34	0	0.014374463349797074
35	0	0.014885195021271839
36	0	0.015458044099992112
37	0	0.016100240654028722
38	0	0.016818958915545863
39	0	0.017621420526170987
40	0	0.018515077215693763
41	0	0.019507869725195814
42	0	0.02060855336055157
43	0	0.021827074218768994
44	0	0.02317497444838852
45	0	0.024665800531725016
46	0	0.02631548618713833
47	0	0.02814268174454274
48	0	0.030169005336087372
49	0	0.03241919841675909
50	0	0.0349211792226272
51	0	0.037706002726981123
52	0	0.04080775402492633
53	0	0.04426342295967693
54	0	0.04811282975797493
55	0	0.052398692437884156
56	0	0.057166944149260504
57	0	0.062467419178240904
58	0	0.06835502636646038
59	0	0.07489151411458944
60	0	0.08214789787444512
61	0	0.09020756540007643
62	0	0.09916999435946156
63	0	0.109154910399858
64	0	0.12030658359770662
65	0	0.1327978140468074
66	0	0.14683300611783084
67	0	0.16264959732491474
68	0	0.1805170250711748
69	0	0.20073243140000463
70	0	0.22361249054851068
71	0	0.2494811899596829
72	0	0.27865422738003526
73	0	0.31142206892086133
74	0	0.3480358580856835
75	0	0.3887035455825792
76	0	0.4336081680220006
77	0	0.48296657091380235
78	0	0.5371555824281777
79	0	0.5969443580663832
80	0	0.6638871389920723
