type bsdf_data
format angles=deg bsdf=value scale=1
10	0
-80	0	0.0037893408860368337
-79	0	0.003757010348971296
-78	0	0.003725204151749576
-77	0	0.003693920381409976
-76	0	0.003663157124990805
-75	0	0.003632912469530367
-74	0	0.0036031845020669715
-73	0	0.0035739713096389217
-72	0	0.0035452709792845255
-71	0	0.0035170815980420907
-70	0	0.0034894012529499193
-69	0	0.0034622280310463217
-68	0	0.003435560019369603
-67	0	0.0034093953049580696
-66	0	0.003383731974850027
-65	0	0.003358568116083782
-64	0	0.0033339018156976416
-63	0	0.003309731160729912
-62	0	0.0032860542382188987
-61	0	0.0032628691352029095
-60	0	0.003240173938720248
-59	0	0.0032179667358092235
-58	0	0.003196245613508141
-57	0	0.0031750086588553062
-56	0	0.0031542539588890277
-55	0	0.0031339796006476088
-54	0	0.003114183671169358
-53	0	0.0030948642574925816
-52	0	0.003076019446655584
-51	0	0.0030576473256966746
-50	0	0.0030397459816541568
-49	0	0.0030223135015663384
-48	0	0.003005347972471526
-47	0	0.0029888474814080248
-46	0	0.0029728101154141433
-45	0	0.0029572339615281844
-44	0	0.002942117106788457
-43	0	0.002927457638233267
-42	0	0.002913253642900921
-41	0	0.0028995032078297242
-40	0	0.002886204420057984
-39	0	0.0028733553666240056
-38	0	0.0028609541345660967
-37	0	0.0028489988109225636
-36	0	0.002837487482731711
-35	0	0.0028264182370318467
-34	0	0.0028157891608612774
-33	0	0.0028055983412583075
-32	0	0.002795843865261245
-31	0	0.0027865238199083955
-30	0	0.0027776362922380658
-29	0	0.0027691793692885616
-28	0	0.0027611511380981903
-27	0	0.002753549685705258
-26	0	0.0027463730991480694
-25	0	0.0027396194654649327
-24	0	0.002733286871694153
-23	0	0.0027273734048740388
-22	0	0.002721877152042894
-21	0	0.0027167962002390264
-20	0	0.00271212863650074
-19	0	0.0027078725478663444
-18	0	0.002704026021374144
-17	0	0.0027005871440624464
-16	0	0.002697554002969556
-15	0	0.0026949246851337805
-14	0	0.0026926972775934265
-13	0	0.0026908698673867994
-12	0	0.002689440541552206
-11	0	0.0026884073871279524
-10	0	0.0026877684911523455
-9	0	0.0026875219406636915
-8	0	0.002687665822700296
-7	0	0.0026881982243004664
-6	0	0.0026891172325025072
-5	0	0.0026904209343447272
-4	0	0.0026921074168654315
-3	0	0.0026941747671029265
-2	0	0.002696621072095519
-1	0	0.0026994444188815137
0	0	0.0027026428944992185
1	0	0.0027062145859869397
2	0	0.002710157580382983
3	0	0.002714469964725655
4	0	0.002719149826053263
5	0	0.002724195251404111
6	0	0.0027296043278165075
7	0	0.002735375142328758
8	0	0.002741505781979169
9	0	0.0027479943338060467
10	0	0.0027548388848476968
11	0	0.002762037522142427
12	0	0.002769588332728544
13	0	0.0027774894036443516
14	0	0.0027857388219281578
15	0	0.0027943346746182687
16	0	0.002803275048752992
17	0	0.0028125580313706315
18	0	0.002822181709509495
19	0	0.002832144170207888
20	0	0.002842443500504119
21	0	0.0028530777874364926
22	0	0.0028640451180433142
23	0	0.0028753435793628917
24	0	0.002886971258433531
25	0	0.002898926242293539
26	0	0.002911206617981221
27	0	0.002923810472534884
28	0	0.002936735892992834
29	0	0.0029499809663933773
30	0	0.002963543779774821
31	0	0.0029774224201754708
32	0	0.0029916149746336326
33	0	0.003006119530187614
34	0	0.00302093417387572
35	0	0.0030360569927362574
36	0	0.0030514860738075334
37	0	0.0030672195041278535
38	0	0.003083255370735523
39	0	0.0030995917606688505
40	0	0.003116226760966141
41	0	0.0031331584586657014
42	0	0.0031503849408058373
43	0	0.003167904294424855
44	0	0.003185714606561062
45	0	0.0032038139642527634
46	0	0.0032222004545382666
47	0	0.0032408721644558765
48	0	0.003259827181043901
49	0	0.0032790635913406453
50	0	0.0032985794823844165
51	0	0.003318372941213521
52	0	0.003338442054866264
53	0	0.003358784910380954
54	0	0.0033793995947958943
55	0	0.003400284195149393
56	0	0.0034214367984797575
57	0	0.003442855491825292
58	0	0.003464538362224305
59	0	0.0034864834967151003
60	0	0.003508688982335986
61	0	0.0035311529061252678
62	0	0.0035538733551212526
63	0	0.0035768484163622464
64	0	0.0036000761768865542
65	0	0.003623554723732485
66	0	0.0036472821439383447
67	0	0.003671256524542437
68	0	0.0036954759525830703
69	0	0.0037199385150985514
70	0	0.003744642299127185
71	0	0.00376958539170728
72	0	0.0037947658798771385
73	0	0.0038201818506750705
74	0	0.0038458313911393814
75	0	0.003871712588308377
76	0	0.0038978235292203645
77	0	0.003924162300913649
78	0	0.003950726990426538
79	0	0.003977515684797336
80	0	0.004004526471064353
30	0
-80	0	0.00395242070396544
-79	0	0.003933835075821117
-78	0	0.003914844986906844
-77	0	0.003895466430785551
-76	0	0.0038757154010201664
-75	0	0.00385560789117362
-74	0	0.0038351598948088406
-73	0	0.003814387405488757
-72	0	0.0037933064167763
-71	0	0.003771932922234397
-70	0	0.0037502829154259765
-69	0	0.0037283723899139702
-68	0	0.0037062173392613047
-67	0	0.003683833757030911
-66	0	0.0036612376367857174
-65	0	0.0036384449720886533
-64	0	0.0036154717565026464
-63	0	0.003592333983590629
-62	0	0.003569047646915528
-61	0	0.0035456287400402733
-60	0	0.0035220932565277925
-59	0	0.0034984571899410173
-58	0	0.0034747365338428753
-57	0	0.0034509472817962953
-56	0	0.0034271054273642076
-55	0	0.00340322696410954
-54	0	0.0033793278855952227
-53	0	0.0033554241853841846
-52	0	0.0033315318570393553
-51	0	0.003307666894123664
-50	0	0.003283845290200038
-49	0	0.003260083038831408
-48	0	0.0032363961335807045
-47	0	0.0032128005680108537
-46	0	0.0031893123356847865
-45	0	0.0031659474301654316
-44	0	0.0031427218450157182
-43	0	0.0031196515737985753
-42	0	0.003096752610076933
-41	0	0.0030740409474137188
-40	0	0.0030515325793718626
-39	0	0.0030292434995142946
-38	0	0.0030071897014039427
-37	0	0.0029853871786037363
-36	0	0.0029638519246766044
-35	0	0.002942599933185477
-34	0	0.0029216471976932826
-33	0	0.00290100971176295
-32	0	0.002880703468957409
-31	0	0.002860744462839588
-30	0	0.002841148686972417
-29	0	0.0028219321349188245
-28	0	0.00280311080024174
-27	0	0.002784700676504093
-26	0	0.002766717757268812
-25	0	0.002749178036098826
-24	0	0.002732097506557065
-23	0	0.0027154921622064587
-22	0	0.002699377996609934
-21	0	0.0026837710033304216
-20	0	0.002668687175930849
-19	0	0.0026541425079741484
-18	0	0.0026401529930232476
-17	0	0.002626734624641074
-16	0	0.002613903396390559
-15	0	0.00260167530183463
-14	0	0.002590066334536218
-13	0	0.0025790924880582508
-12	0	0.002568769755963658
-11	0	0.0025591141318153684
-10	0	0.002550141609176311
-9	0	0.002541868181609417
-8	0	0.002534309842677613
-7	0	0.0025274825859438288
-6	0	0.0025214024049709936
-5	0	0.0025160852933220376
-4	0	0.002511547244559889
-3	0	0.0025078042522474766
-2	0	0.0025048723099477307
-1	0	0.0025027674112235794
0	0	0.0025015055496379526
1	0	0.0025011027187537786
2	0	0.0025015749121339876
3	0	0.0025029381233415077
4	0	0.0025052083459392686
5	0	0.0025084015734901993
6	0	0.0025125337995572294
7	0	0.002517621017703288
8	0	0.0025236792214913028
9	0	0.0025307244044842046
10	0	0.0025387725602449224
11	0	0.002547839682336385
12	0	0.002557941764321521
13	0	0.0025690947997632605
14	0	0.002581314782224532
15	0	0.0025946177052682652
16	0	0.0026090195624573894
17	0	0.0026245363473548318
18	0	0.002641184053523524
19	0	0.002658978674526394
20	0	0.002677936203926371
21	0	0.002698072635286385
22	0	0.0027194039621693637
23	0	0.002741946178138237
24	0	0.002765715276755934
25	0	0.0027907272515853843
26	0	0.0028169980961895167
27	0	0.00284454380413126
28	0	0.002873380368973544
29	0	0.0029035237842792968
30	0	0.0029349900436114493
31	0	0.0029677951405329282
32	0	0.0030019550686066648
33	0	0.0030374858213955873
34	0	0.0030744033924626256
35	0	0.0031127237753707077
36	0	0.0031524629636827638
37	0	0.0031936369509617223
38	0	0.0032362617307705125
39	0	0.0032803532966720634
40	0	0.003325927642229305
41	0	0.003373000761005166
42	0	0.0034215886465625758
43	0	0.0034717072924644616
44	0	0.003523372692273755
45	0	0.0035766008395533844
46	0	0.0036314077278662795
47	0	0.0036878093507753677
48	0	0.0037458217018435797
49	0	0.003805460774633844
50	0	0.00386674256270909
51	0	0.003929683059632248
52	0	0.003994298258966244
53	0	0.00406060415427401
54	0	0.004128616739118473
55	0	0.004198352007062566
56	0	0.004269825951669214
57	0	0.004343054566501347
58	0	0.004418053845121897
59	0	0.004494839781093788
60	0	0.004573428367979954
61	0	0.004653835599343323
62	0	0.004736077468746822
63	0	0.004820169969753383
64	0	0.00490612909592593
65	0	0.004993970840827399
66	0	0.005083711198020717
67	0	0.005175366161068811
68	0	0.005268951723534611
69	0	0.005364483878981046
70	0	0.005461978620971046
71	0	0.005561451943067543
72	0	0.005662919838833457
73	0	0.005766398301831726
74	0	0.005871903325625277
75	0	0.0059794509037770375
76	0	0.006089057029849938
77	0	0.006200737697406907
78	0	0.006314508900010875
79	0	0.006430386631224767
80	0	0.0065483868846115175
50	0
-80	0	0.006155631253902935
-79	0	0.006108420768785602
-78	0	0.006060887230295211
-77	0	0.006013047442202199
-76	0	0.005964918208277014
-75	0	0.005916516332290089
-74	0	0.005867858618011868
-73	0	0.005818961869212793
-72	0	0.005769842889663302
-71	0	0.005720518483133838
-70	0	0.00567100545339484
-69	0	0.005621320604216748
-68	0	0.005571480739370005
-67	0	0.005521502662625049
-66	0	0.005471403177752321
-65	0	0.005421199088522266
-64	0	0.005370907198705319
-63	0	0.005320544312071922
-62	0	0.005270127232392518
-61	0	0.005219672763437545
-60	0	0.005169197708977446
-59	0	0.005118718872782659
-58	0	0.005068253058623626
-57	0	0.005017817070270787
-56	0	0.0049674277114945846
-55	0	0.004917101786065458
-54	0	0.004866856097753846
-53	0	0.004816707450330192
-52	0	0.004766672647564936
-51	0	0.0047167684932285184
-50	0	0.004667011791091381
-49	0	0.004617419344923961
-48	0	0.004568007958496702
-47	0	0.004518794435580043
-46	0	0.004469795579944425
-45	0	0.004421028195360291
-44	0	0.004372509085598079
-43	0	0.00432425505442823
-42	0	0.004276282905621186
-41	0	0.004228609442947384
-40	0	0.004181251470177269
-39	0	0.00413422579108128
-38	0	0.004087549209429857
-37	0	0.004041238528993441
-36	0	0.003995310553542473
-35	0	0.0039497820868473945
-34	0	0.003904669932678642
-33	0	0.0038599908948066613
-32	0	0.0038157617770018903
-31	0	0.0037719993830347695
-30	0	0.0037287205166757404
-29	0	0.003685941981695245
-28	0	0.0036436805818637207
-27	0	0.0036019531209516096
-26	0	0.003560776402729354
-25	0	0.003520167230967391
-24	0	0.0034801424094361645
-23	0	0.0034407187419061135
-22	0	0.0034019130321476785
-21	0	0.003363742083931301
-20	0	0.003326222701027421
-19	0	0.0032893716872064807
-18	0	0.0032532058462389182
-17	0	0.003217741981895174
-16	0	0.0031829968979456926
-15	0	0.0031489873981609103
-14	0	0.003115730286311271
-13	0	0.0030832423661672115
-12	0	0.003051540441499177
-11	0	0.0030206413160776048
-10	0	0.0029905617936729374
-9	0	0.0029613186780556135
-8	0	0.002932928772996075
-7	0	0.002905408882264763
-6	0	0.0028787758096321166
-5	0	0.0028530463588685787
-4	0	0.0028282373337445875
-3	0	0.002804365538030585
-2	0	0.0027814477754970115
-1	0	0.002759500849914308
0	0	0.002738541565052914
1	0	0.0027185867246832716
2	0	0.00269965313257582
3	0	0.002681757592501001
4	0	0.0026649169082292546
5	0	0.002649147883531022
6	0	0.0026344673221767425
7	0	0.0026209325076664365
8	0	0.0026087626424184315
9	0	0.0025982174085806354
10	0	0.002589556488300955
11	0	0.002583039563727297
12	0	0.002578926317007569
13	0	0.0025774764302896784
14	0	0.0025789495857215313
15	0	0.0025836054654510346
16	0	0.0025917037516260963
17	0	0.0026035041263946226
18	0	0.002619266271904521
19	0	0.0026392498703036982
20	0	0.0026637146037400616
21	0	0.0026929201543615176
22	0	0.0027271262043159746
23	0	0.002766592435751338
24	0	0.002811578530815515
25	0	0.002862344171656414
26	0	0.0029191490404219408
27	0	0.0029822528192600026
28	0	0.003051915190318507
29	0	0.003128395835745361
30	0	0.003211954437688469
31	0	0.0033028506782957425
32	0	0.0034013442397150856
33	0	0.003507694804094407
34	0	0.0036221620535816118
35	0	0.0037450056703246084
36	0	0.0038764853364713033
37	0	0.004016860734169602
38	0	0.004166391545567416
39	0	0.004325337452812648
40	0	0.004493958138053207
41	0	0.004672513283436999
42	0	0.004861262571111932
43	0	0.005060465683225912
44	0	0.005270382301926847
45	0	0.005491272109362644
46	0	0.00572339478768121
47	0	0.005967010019030451
48	0	0.0062223774855582736
49	0	0.006489756869412588
50	0	0.006769407852741299
51	0	0.007061590117692312
52	0	0.007366563346413539
53	0	0.0076845872210528805
54	0	0.008015921423758248
55	0	0.008360825636677548
56	0	0.008719559541958686
57	0	0.009092382821749574
58	0	0.009479555158198108
59	0	0.009881336233452208
60	0	0.010297985729659773
61	0	0.010729763328968711
62	0	0.011176928713526931
63	0	0.011639741565482338
64	0	0.012118461566982843
65	0	0.012613348400176349
66	0	0.013124661747210765
67	0	0.013652661290233993
68	0	0.014197606711393949
69	0	0.014759757692838531
70	0	0.015339373916715655
71	0	0.01593671506517322
72	0	0.01655204082035914
73	0	0.017185610864421313
74	0	0.017837684879507654
75	0	0.018508522547766068
76	0	0.019198383551344463
77	0	0.01990752757239074
78	0	0.020636214293052818
79	0	0.021384703395478585
80	0	0.02215325456181597
70	0
-80	0	0.009342574593800754
-79	0	0.009165916845959864
-78	0	0.00899221944487965
-77	0	0.008821466979173838
-76	0	0.008653644037456162
-75	0	0.008488735208340353
-74	0	0.00832672508044014
-73	0	0.008167598242369262
-72	0	0.00801133928274144
-71	0	0.007857932790170413
-70	0	0.007707363353269911
-69	0	0.007559615560653661
-68	0	0.007414674000935401
-67	0	0.007272523262728856
-66	0	0.00713314793464776
-65	0	0.006996532605305846
-64	0	0.006862661863316842
-63	0	0.00673152029729448
-62	0	0.006603092495852495
-61	0	0.006477363047604612
-60	0	0.006354316541164569
-59	0	0.0062339375651460915
-58	0	0.006116210708162916
-57	0	0.00600112055882877
-56	0	0.005888651705757385
-55	0	0.005778788737562495
-54	0	0.005671516242857827
-53	0	0.005566818810257117
-52	0	0.005464681028374095
-51	0	0.00536508748582249
-50	0	0.005268022771216035
-49	0	0.0051734714731684625
-48	0	0.0050814181802935005
-47	0	0.004991847481204884
-46	0	0.0049047439645163405
-45	0	0.004820092218841605
-44	0	0.004737876832794407
-43	0	0.004658082394988479
-42	0	0.004580693494037549
-41	0	0.004505694718555352
-40	0	0.004433070657155619
-39	0	0.004362805898452078
-38	0	0.004294885031058464
-37	0	0.004229292643588507
-36	0	0.004166013324655937
-35	0	0.004105031662874487
-34	0	0.004046332246857888
-33	0	0.003989899665219871
-32	0	0.0039357185065741675
-31	0	0.003883773359534509
-30	0	0.003834048812714626
-29	0	0.0037865294547282506
-28	0	0.003741199874189114
-27	0	0.003698044659710947
-26	0	0.0036570483999074812
-25	0	0.003618195683392448
-24	0	0.0035814710987795784
-23	0	0.0035468592346826044
-22	0	0.003514344679715257
-21	0	0.003483912022491267
-20	0	0.003455545851624367
-19	0	0.003429230755728287
-18	0	0.0034049513234167576
-17	0	0.0033826921433035115
-16	0	0.003362437804002281
-15	0	0.003344172894126795
-14	0	0.0033278820022907864
-13	0	0.0033135497171079852
-12	0	0.0033011606271921247
-11	0	0.003290699321156935
-10	0	0.003282150387616147
-9	0	0.0032754984151834926
-8	0	0.003270727992472703
-7	0	0.00326782370809751
-6	0	0.003266770150671643
-5	0	0.003267551908808836
-4	0	0.003270153571122819
-3	0	0.0032745597262273233
-2	0	0.0032807549627360795
-1	0	0.00328872386926282
0	0	0.003298451034421276
1	0	0.0033099210468251787
2	0	0.003323118495088259
3	0	0.0033380279678242473
4	0	0.003354634053646878
5	0	0.00337292134116988
6	0	0.003392874419006985
7	0	0.003414552603224996
8	0	0.0034383141197030023
9	0	0.0034645919217731677
10	0	0.0034938189627676513
11	0	0.0035264281960186166
12	0	0.0035628525748582244
13	0	0.0036035250526186362
14	0	0.003648878582632014
15	0	0.003699346118230519
16	0	0.0037553606127463143
17	0	0.00381735501951156
18	0	0.003885762291858418
19	0	0.003961015383119051
20	0	0.004043547246625619
21	0	0.004133790835710284
22	0	0.004232179103705209
23	0	0.004339145003942555
24	0	0.004455121489754483
25	0	0.0045805415144731555
26	0	0.004715838031430734
27	0	0.0048614439939593775
28	0	0.005017792355391253
29	0	0.005185316069058519
30	0	0.005364448088293334
31	0	0.005555621366427866
32	0	0.005759268856794272
33	0	0.0059758235127247185
34	0	0.00620571828755136
35	0	0.006449386134606364
36	0	0.00670726000722189
37	0	0.0069797728587301005
38	0	0.007267357642463155
39	0	0.007570447311753218
40	0	0.007889474819932449
41	0	0.008224873120333012
42	0	0.008577075166287064
43	0	0.008946513911126771
44	0	0.009335619093344828
45	0	0.009754807592076059
46	0	0.010216493071615835
47	0	0.01073308919625951
48	0	0.011317009630302447
49	0	0.011980668038040005
50	0	0.012736478083767554
51	0	0.013596853431780452
52	0	0.014574207746374057
53	0	0.01568095469184374
54	0	0.016929507932484853
55	0	0.018332281132592762
56	0	0.019901687956462827
57	0	0.021650142068390416
58	0	0.023590057132670886
59	0	0.0257338468135996
60	0	0.02809392477547192
61	0	0.0306827046825832
62	0	0.03351260019922882
63	0	0.03662323474952555
64	0	0.04016307079687589
65	0	0.04430778056450374
66	0	0.04923303627563302
67	0	0.05511451015348764
68	0	0.062080768641137846
69	0	0.07007195506103925
70	0	0.07898110695549376
71	0	0.08870126186680331
72	0	0.09912446724941984
73	0	0.11013881020639524
74	0	0.12163138775293145
75	0	0.1334892969042304
76	0	0.14559963467549392
77	0	0.157849498081924
78	0	0.1701259841387226
79	0	0.1823161898610915
80	0	0.1943072122642327
